0.000000000000000000e+00
7.926367479060955068e-01
6.662538508287243477e-01
2.574796349836613318e-01
7.574560759143081357e-02
2.165519348706121741e-02
1.284823117336550240e-02
1.532264856620459310e-02
2.008707055910345304e-02
2.251319200953657076e-02
2.284140599896444454e-02
2.104916518748658691e-02
1.843384950577013626e-02
1.622533950189501695e-02
1.575088059211244770e-02
1.757562664781459408e-02
1.848286573721661177e-02
2.015141010365228622e-02
2.196700670519539586e-02
2.320332579456446317e-02
