0.000000000000000000e+00
8.099240984567955826e-01
7.438000990666403522e-01
3.425211362465060416e-01
1.159976250939584869e-01
3.559029772663618169e-02
3.117375066292085023e-02
3.296276657890594847e-02
3.199102649003061904e-02
3.174758842786747082e-02
3.215958975479530496e-02
3.290599614496726721e-02
3.200166663319430754e-02
3.113070822802344387e-02
2.905737364870415035e-02
2.867737311875075482e-02
2.870760494074323446e-02
2.964221094385066993e-02
2.935118386459618922e-02
2.789661259141110877e-02
