0.000000000000000000e+00
8.426254719812437122e-01
6.277322984156546992e-01
1.689618234981964673e-01
3.464126171648919394e-02
2.261223390870810770e-02
2.474481239925755208e-02
2.817890007485841439e-02
2.792811326888002682e-02
2.747507661369137655e-02
3.027937172491082865e-02
2.791354966759294551e-02
2.455350723384159758e-02
2.510228565952727503e-02
2.563523250911483448e-02
2.401915452606110182e-02
2.345555843221446002e-02
2.431570681715545038e-02
2.423023423931385673e-02
2.316964017112964694e-02
