0.000000000000000000e+00
7.540366331025569746e-01
7.750168213490845615e-01
4.686776288416941161e-01
2.458815514247744138e-01
1.035577761780270972e-01
3.603946498739767079e-02
1.853704905304080428e-02
2.183874000092439482e-02
2.581229196459269154e-02
2.812214697606402886e-02
2.806146554177457383e-02
2.623935274033936324e-02
2.474930525825969410e-02
2.385817465764993733e-02
2.543052644941482324e-02
2.728458933813871293e-02
2.995885809321159957e-02
3.217352335943060582e-02
3.474140960212080548e-02
