0.000000000000000000e+00
8.070673130276906360e-01
7.955770447584246119e-01
4.406899807673967384e-01
2.087318600330124452e-01
7.943351552672597848e-02
2.790389732844268667e-02
2.096081924982012845e-02
3.286014756296783135e-02
4.091218977588092359e-02
3.844256659670131776e-02
2.899570296067129765e-02
2.196019521096384888e-02
1.937187733888765320e-02
1.838961120275414002e-02
1.801977533725223832e-02
2.192403168631019625e-02
2.891052178645431292e-02
3.664178805720545024e-02
4.307661977080955856e-02
