0.000000000000000000e+00
7.978425686603067835e-01
8.466939716405812444e-01
5.403664754004600113e-01
2.941252702862854895e-01
1.221137543778918755e-01
4.404411665919687885e-02
2.515763351365170666e-02
2.922345092548157483e-02
3.369723061248623003e-02
3.586098346486431970e-02
3.650073761724352550e-02
3.545735974642195976e-02
3.479533401324515912e-02
3.787569453451877788e-02
4.591125185466130715e-02
5.439855151995188348e-02
5.927868634667460973e-02
5.713180148035400252e-02
5.310559447674981920e-02
