0.000000000000000000e+00
8.990504015810696359e-01
5.618407950572947840e-01
1.001294736795943635e-01
2.660246498227989906e-02
2.227155400742348440e-02
2.341583347611459268e-02
3.012386045772798976e-02
3.051182681971494060e-02
2.916513638778098563e-02
3.271989526420950728e-02
2.832201063318577280e-02
2.257695753862151364e-02
2.532620908712268290e-02
2.653545584803899612e-02
2.369376152926871634e-02
2.359142486954260778e-02
2.539317439967221299e-02
2.532390963389063998e-02
2.370138446156936154e-02
