0.000000000000000000e+00
7.557130325427702244e-01
8.457180460446152015e-01
6.119278944256595354e-01
4.046028009669861980e-01
2.325729762940102752e-01
1.207996782337171920e-01
5.638496476231085602e-02
3.340162006981471643e-02
3.403280165445454752e-02
3.607751796877357864e-02
3.770032750600000454e-02
3.904494046088096554e-02
4.010248714196924802e-02
4.212280768077935472e-02
4.604820177272836434e-02
4.991297697581337928e-02
5.325223159138323115e-02
5.410352199845894910e-02
5.323389342753631626e-02
