0.000000000000000000e+00
1.377565188693511855e+00
5.834478765790566124e-01
5.570839243233537824e-02
5.760656186431464126e-02
4.973464322722509490e-02
4.880635304930282248e-02
6.591970203748342971e-02
6.440648176120294943e-02
6.505202969429378645e-02
7.046039369479895065e-02
6.450452301682629841e-02
5.050333651966341930e-02
5.715067558665759551e-02
5.627667456010016639e-02
5.385846217496086108e-02
5.254013820438303145e-02
5.468698430184756182e-02
5.627922247780428600e-02
5.220632229591496559e-02
