0.000000000000000000e+00
7.947420227948827076e-01
8.443427594867549679e-01
5.442125714395184000e-01
3.055166439604173889e-01
1.394808165871474492e-01
6.239253307384999558e-02
4.119448906922647952e-02
3.938325233505409612e-02
3.966237382511840492e-02
4.065514375268208108e-02
4.304267824705002715e-02
4.444171194943148662e-02
4.470323648414274015e-02
4.353500531949367619e-02
4.256870637706659799e-02
4.184376909312005621e-02
4.212553678771162324e-02
4.169224227961124823e-02
4.078066625861580946e-02
