0.000000000000000000e+00
7.440898508816689016e-01
8.293969161107402899e-01
5.942091357327907719e-01
3.878963543663086488e-01
2.184301806573216431e-01
1.083118558011559041e-01
4.153647539465124550e-02
2.308096684575201146e-02
2.725334866697466663e-02
3.269905500239782270e-02
3.616507319302539325e-02
3.669748466280720739e-02
3.621637302062519909e-02
3.510577738351516180e-02
3.609608682853412964e-02
3.829634804949932220e-02
4.259474763520623708e-02
4.552476209619241154e-02
4.861733784419530746e-02
