0.000000000000000000e+00
8.373222621951266209e-01
6.710775009423689541e-01
2.367475819055687436e-01
7.271381435377161084e-02
2.946812144872403005e-02
1.617639561745570081e-02
1.909793314448413742e-02
3.020432885749041105e-02
3.464162064020005066e-02
3.135034403914158802e-02
2.444887189802937011e-02
2.109969434828303306e-02
2.016445112934709197e-02
2.025544134828072274e-02
1.871959376541052628e-02
1.744331065553737098e-02
2.212981785290138795e-02
2.969214939309653203e-02
3.322194147842420092e-02
