0.000000000000000000e+00
7.919868512150313178e-01
8.899187576074163442e-01
6.459880317166937225e-01
4.249557095946844831e-01
2.388857708167093363e-01
1.185125718228682706e-01
5.457188549104485115e-02
3.605116229804890271e-02
3.684236901888306853e-02
3.977488527811853802e-02
4.040124786372473881e-02
4.049510235405608116e-02
4.253341017231712651e-02
4.765217531884670399e-02
5.644697524044480635e-02
6.485364657567349589e-02
7.049326552829723869e-02
6.980073503629533049e-02
6.580369089208829014e-02
