0.000000000000000000e+00
7.834860965313862335e-01
7.969032184868609647e-01
4.663979433966606303e-01
2.289567688844267035e-01
8.463991634572549938e-02
2.322179923571803320e-02
1.049501571459079442e-02
1.892899791728698544e-02
2.457994597943249232e-02
2.500921602844127442e-02
2.226931711335826403e-02
2.035823375311164238e-02
1.956290157660648885e-02
2.053956805858477355e-02
2.562625204580658289e-02
3.131475939459900382e-02
3.542392293060862840e-02
3.753128281424168711e-02
3.989147803450011215e-02
