0.000000000000000000e+00
7.899235479378764468e-01
6.746953827365719247e-01
2.616347732513027990e-01
7.003382254072450241e-02
2.112114559299880026e-02
1.924291361959025795e-02
1.899684851949521441e-02
1.916196344985841502e-02
2.010980018928491819e-02
2.031894062698155409e-02
2.120803754930470145e-02
2.112878311612826146e-02
2.031832765807887672e-02
2.200980936521919687e-02
2.587100631682821839e-02
2.825712389222249585e-02
2.827617808960115192e-02
2.561583247170086397e-02
2.423709978774691437e-02
