0.000000000000000000e+00
8.024491133285998057e-01
8.112645988769571215e-01
4.628508216667382436e-01
2.114166049971437367e-01
6.364041907027584433e-02
2.159354968035404054e-02
2.273166973530285281e-02
2.696925686645055414e-02
3.047234772696227195e-02
3.326637422912593484e-02
3.487813306870145985e-02
3.393270315634852596e-02
3.147813413682132994e-02
3.260918575922290563e-02
4.038865256150023231e-02
4.884360806884098516e-02
5.290366372221915608e-02
4.962876421714064457e-02
4.584199496383201122e-02
