0.000000000000000000e+00
7.774098272346474658e-01
9.028158716827352492e-01
7.015252926882522555e-01
5.062597615415617147e-01
3.225766973560779127e-01
1.824888705681586565e-01
8.230409015422979202e-02
2.983135753351133512e-02
2.730514265596026627e-02
3.932246942512450383e-02
4.437671986165274418e-02
4.326447837798238355e-02
4.024288166088232227e-02
4.021727913822335798e-02
4.496312407927582910e-02
5.227467847807488327e-02
6.089668124825485529e-02
6.742432744519433196e-02
7.333332096760604435e-02
