0.000000000000000000e+00
8.087746328195478673e-01
7.874678683303477644e-01
4.249912168744428009e-01
1.954087944460027038e-01
7.267679138443565445e-02
2.574658364746709380e-02
2.053797616223814945e-02
3.260762582549954491e-02
4.046212756006048461e-02
3.779777520213675746e-02
2.838183260617031106e-02
2.167022478287060697e-02
1.940524186442862259e-02
1.846379951375498943e-02
1.789170245320198527e-02
2.134284681547058207e-02
2.810085691363824537e-02
3.585929950468685207e-02
4.206410790143252920e-02
