0.000000000000000000e+00
7.664934559666155556e-01
8.936137631521786640e-01
7.019294785818018800e-01
5.156720986982341604e-01
3.397710118716134597e-01
2.051632349670261535e-01
1.077330795983948292e-01
4.685981980760389048e-02
2.140014195698172403e-02
2.453323487764587710e-02
2.961069722410079874e-02
3.347461228799129829e-02
3.816911493798689353e-02
4.429416713057546251e-02
5.159637106269584356e-02
5.896492228630074300e-02
6.562735575613153072e-02
6.983756761836816540e-02
7.254264627469102222e-02
