0.000000000000000000e+00
8.148648417580213188e-01
7.582392731160515487e-01
3.716482552183656973e-01
1.537247616192469468e-01
5.416529834182860076e-02
2.049800892037241876e-02
1.928505912724618604e-02
3.157227537571134085e-02
3.878346670366728671e-02
3.560979655442905734e-02
2.649477763675672087e-02
2.096591226101749209e-02
1.956872037674949050e-02
1.885858421757721434e-02
1.784885147096098787e-02
1.980264455984235769e-02
2.562929912747032371e-02
3.347829688466691378e-02
3.894026569835914997e-02
