0.000000000000000000e+00
7.423419453088301312e-01
8.590721115336920066e-01
6.652002904854223964e-01
4.807023247267708244e-01
3.109604036044564257e-01
1.842131594264590777e-01
9.360995289859921908e-02
3.813552818681049950e-02
2.719207829821828487e-02
3.354574697679804651e-02
4.134389716685330646e-02
4.539209558884122614e-02
4.717531486444700994e-02
4.730160087357880572e-02
4.793568051996840995e-02
5.007072433970686381e-02
5.482584366544490662e-02
5.809749611204002157e-02
6.113957462208897964e-02
