0.000000000000000000e+00
7.966669791064225903e-01
8.307272055503757135e-01
5.136721134841637504e-01
2.719619212170565903e-01
1.141145590812068927e-01
5.140705660567344848e-02
3.976816655376425730e-02
3.848196214039467655e-02
3.832065622123826537e-02
3.881139319619920230e-02
4.103697495394278277e-02
4.206845628591328323e-02
4.213232570421123618e-02
4.061598143884444234e-02
3.976078382974974901e-02
3.922211744709240555e-02
3.961160262532671672e-02
3.921410168388358986e-02
3.812279835731625238e-02
