0.000000000000000000e+00
7.955388675648868979e-01
7.275263954975397240e-01
3.352382860742817439e-01
1.174684299059280401e-01
2.710314241014416189e-02
8.392149980338162868e-03
1.106620561822888558e-02
1.739899703532756317e-02
2.184770762131991312e-02
2.228948898952444121e-02
2.082187841692884067e-02
1.987831246187240011e-02
1.846943850859752642e-02
1.818334786746776677e-02
2.063074170784989780e-02
2.529833792132165846e-02
2.771278142007833553e-02
2.843575908257637772e-02
3.096621634575234816e-02
