0.000000000000000000e+00
7.862451702536190634e-01
9.188269169199232422e-01
7.272678103645652259e-01
5.409854789303721878e-01
3.644253140690870696e-01
2.289916064745618485e-01
1.304286218559888300e-01
7.282557853938761983e-02
4.863000322608435066e-02
4.453921363199600525e-02
4.385118003785837271e-02
4.621622608742412958e-02
5.153727906948432635e-02
5.941755424159177873e-02
6.915535650520400479e-02
7.798825285390538486e-02
8.376716226418137734e-02
8.396902436298964156e-02
8.145521942943345639e-02
