0.000000000000000000e+00
7.935044016839242209e-01
8.797975044503953956e-01
6.199301367737733992e-01
3.906922857265173188e-01
2.057251256540156836e-01
9.309578180700861516e-02
4.183729982992202834e-02
3.281504805198138391e-02
3.622865589715788814e-02
3.893912451008590958e-02
3.939262926451913421e-02
3.904662329818268246e-02
4.028788356246572333e-02
4.485073594712064848e-02
5.340825438458000896e-02
6.186021456840413296e-02
6.735731866520039413e-02
6.635533717029550027e-02
6.220886804858354047e-02
