0.000000000000000000e+00
7.587734567630362026e-01
7.566759676827407022e-01
4.290353246536689480e-01
2.071746828186776523e-01
7.852825124262910461e-02
2.610286768830117482e-02
1.720845968494889855e-02
2.154022659267953652e-02
2.490465540881998258e-02
2.684214105290751162e-02
2.623105579241482785e-02
2.395175215037455285e-02
2.237352762622137753e-02
2.170166193242677524e-02
2.330989424311241676e-02
2.498904512292066463e-02
2.727927825045024096e-02
2.940153371720015396e-02
3.162589231838845022e-02
