0.000000000000000000e+00
7.875504753156816751e-01
9.131380100817826362e-01
7.103805742988860139e-01
5.156993124001099105e-01
3.353733168770718365e-01
2.016134977420746544e-01
1.081781266117620571e-01
6.021032120041536206e-02
4.369250623454488253e-02
4.277402821372407182e-02
4.297166529987093281e-02
4.488528150424525576e-02
4.938457821324113151e-02
5.641149558935680541e-02
6.595369970441794516e-02
7.462388840868583451e-02
8.038209676310194285e-02
8.029997527294881199e-02
7.717680432721239769e-02
