0.000000000000000000e+00
7.935498246211041273e-01
8.529254952291355218e-01
5.640209825985786907e-01
3.282025248375722293e-01
1.576663722145960067e-01
7.132254691967705729e-02
4.260245058306863508e-02
3.990142586366890454e-02
4.052765525088233844e-02
4.202484477126056800e-02
4.464487060930200091e-02
4.625731602583320334e-02
4.659568795301935462e-02
4.559253744290600596e-02
4.458750309115369626e-02
4.372502429381606992e-02
4.392424730770916330e-02
4.351286108650721102e-02
4.270496831720919928e-02
