0.000000000000000000e+00
8.083483957631147909e-01
7.527099813761222169e-01
3.583428700922104970e-01
1.280677615186894269e-01
3.945597545462608408e-02
3.189875174167832589e-02
3.360461842466703347e-02
3.259802207096604981e-02
3.222223951404982328e-02
3.243980265435253418e-02
3.350269762410552910e-02
3.277080224120748619e-02
3.192651829648025796e-02
2.969654806962094065e-02
2.931568758408100925e-02
2.942631166743219992e-02
3.037159078053494263e-02
3.007373597455011843e-02
2.860805186714524689e-02
