0.000000000000000000e+00
7.647333608300976859e-01
7.740199524353469362e-01
4.488567232465887624e-01
2.168607936329775554e-01
7.676120939301937784e-02
2.994663167387061689e-02
2.580287065581424871e-02
2.729395918228755269e-02
2.849361863261205829e-02
2.757545344898324965e-02
2.789978766037138139e-02
2.840185686919574973e-02
2.815795886916906687e-02
2.934130448610376002e-02
3.291979252145772750e-02
3.598272911745158120e-02
3.806200800860626982e-02
3.731081261919580450e-02
3.616253494596846640e-02
