0.000000000000000000e+00
7.956086036647241899e-01
8.642133195593496575e-01
5.815102659127946438e-01
3.425725393694690757e-01
1.622249845475262076e-01
6.422827042980321088e-02
2.973171535916649053e-02
3.023255426343981339e-02
3.524952074543110520e-02
3.748909151936395678e-02
3.789218116985850621e-02
3.717098953394926131e-02
3.743546196266990533e-02
4.121233028974730789e-02
4.948429602033894287e-02
5.799684155128054242e-02
6.322559264685383151e-02
6.170334077731639416e-02
5.754855364846117594e-02
