0.000000000000000000e+00
8.543948352570190918e-01
6.331744545811852642e-01
1.862271795511662165e-01
5.167711291068417812e-02
2.639415693531173626e-02
1.673417744547240141e-02
2.027003400603859945e-02
3.065789978195417390e-02
3.363446703795517495e-02
3.033501976411427659e-02
2.464823977305787700e-02
2.193578005820697938e-02
2.080325327702856400e-02
2.084427636507118348e-02
1.959448811897955903e-02
1.765898650497676678e-02
2.193303697910113301e-02
2.896696179577133365e-02
3.187718882295122874e-02
