0.000000000000000000e+00
7.923439868282345921e-01
7.446747322642220945e-01
3.651773989882337035e-01
1.398865028246658593e-01
3.586467863312588905e-02
9.630982894724020305e-03
1.086075618478875640e-02
1.766936058496642453e-02
2.246076428366501967e-02
2.287801998941809897e-02
2.105961326439083695e-02
1.990681566365584687e-02
1.864257787679896028e-02
1.855258679034268304e-02
2.141632082169030865e-02
2.627509793299650717e-02
2.917029954574358597e-02
3.024580375831247350e-02
3.272184281521759580e-02
