0.000000000000000000e+00
7.430134001953948575e-01
8.417021988019666168e-01
6.235379669724938623e-01
4.251576314258955769e-01
2.540163926379462866e-01
1.360226953869455857e-01
5.859739882593535676e-02
2.660876949910205222e-02
2.681371380091808823e-02
3.347103344736858388e-02
3.845912520186071937e-02
4.005376965447616372e-02
4.021793449813035326e-02
3.941875151300396063e-02
4.015755487078503244e-02
4.236281919011350428e-02
4.694152768929884395e-02
4.997806305810011118e-02
5.316169823590986832e-02
