0.000000000000000000e+00
7.939100926506902356e-01
8.769110513817182095e-01
6.126693135117924349e-01
3.813814924423649666e-01
1.970270117178672953e-01
8.672081120555211187e-02
3.880064614646783899e-02
3.213778403635376285e-02
3.605067269145201952e-02
3.866938970267417425e-02
3.910773094244755776e-02
3.867262863233975057e-02
3.970296987448453802e-02
4.412137429531336891e-02
5.262038476423400862e-02
6.108691187455106419e-02
6.653688530350947150e-02
6.544215034476967563e-02
6.127626095301153680e-02
