0.000000000000000000e+00
7.768006248313442663e-01
9.044792007823078128e-01
7.066289476429165051e-01
5.136644748445381436e-01
3.307565725059000150e-01
1.899273635432718599e-01
8.786343578401251131e-02
3.193454626748952474e-02
2.635317483715702430e-02
3.832806903409472638e-02
4.445366862952068038e-02
4.406699752662140285e-02
4.152312957652773417e-02
4.165272145999660697e-02
4.640487422142212937e-02
5.369575367442176728e-02
6.225822934676720349e-02
6.877051899227293319e-02
7.464759848476860971e-02
