0.000000000000000000e+00
7.425458022349391562e-01
8.508929146114261322e-01
6.455367257995968666e-01
4.541068473281013596e-01
2.831278263607616141e-01
1.600991683257522447e-01
7.548184125705140191e-02
3.119749358771966435e-02
2.640444424810236418e-02
3.354835293726779466e-02
4.006791574403185952e-02
4.280348159979222716e-02
4.367694691479770408e-02
4.331252863277680609e-02
4.394099193897339772e-02
4.611215845892769477e-02
5.080411360764624379e-02
5.400778438279142668e-02
5.712841161385372873e-02
