0.000000000000000000e+00
8.050179638442703789e-01
7.924752536586402440e-01
4.247084259272486673e-01
1.749245197728651613e-01
4.720422112329648867e-02
1.992034191347993519e-02
2.275268228788912203e-02
2.567494474485707695e-02
2.886878209034684714e-02
3.226664520530771879e-02
3.426895532635258063e-02
3.357920933596962587e-02
3.064810191858315797e-02
3.059112007237739864e-02
3.840411987953888662e-02
4.715513337498453833e-02
5.041508898352636131e-02
4.643304662816705869e-02
4.276627577341342301e-02
