0.000000000000000000e+00
7.724731019111934494e-01
7.328193526149401338e-01
3.661637659715197834e-01
1.403147296947406530e-01
4.004769584253875525e-02
2.229432231668651912e-02
2.228867512539048357e-02
2.337589459225160662e-02
2.388783706579510405e-02
2.367311029012682602e-02
2.435937711553894450e-02
2.475304768467950778e-02
2.421398639240777279e-02
2.526927934369258347e-02
2.885924995718537611e-02
3.182654564228856731e-02
3.298810828896193981e-02
3.133907369386870062e-02
3.012066745209252341e-02
