0.000000000000000000e+00
7.968802425193483030e-01
8.292234831116022109e-01
5.103655014200227935e-01
2.684312730949959258e-01
1.115535282304651044e-01
5.034749849502392210e-02
3.963747108862145790e-02
3.838585220525302794e-02
3.817364530859027744e-02
3.862753080788235149e-02
4.083969364108790134e-02
4.182626693977390536e-02
4.187025045909142235e-02
4.031623450864901120e-02
3.947626472166577277e-02
3.895725637949308540e-02
3.936007344709822192e-02
3.896624065828011019e-02
3.785073900529668106e-02
