0.000000000000000000e+00
8.333328410660220120e-01
6.897198205387248260e-01
2.561407813110578302e-01
7.607947868662522095e-02
3.173615691890774304e-02
2.897927320825869832e-02
2.228546356282838647e-02
1.799155493158076727e-02
2.000004792974366050e-02
2.730461866145557706e-02
3.008636554854897394e-02
2.815452227118880879e-02
2.502391079751527594e-02
2.104281004475256830e-02
1.978119845969020935e-02
2.118806513865826094e-02
2.400912470818861513e-02
2.540753388610001579e-02
2.950585322538845298e-02
