0.000000000000000000e+00
8.339301287822900033e-01
6.492071772490179971e-01
1.961100773061402736e-01
4.233115358463118705e-02
2.283264429165925147e-02
2.557969498569041822e-02
2.858672002532228543e-02
2.798491168276457525e-02
2.776287059869473120e-02
3.026810748498755949e-02
2.844077591630139387e-02
2.563059711330225796e-02
2.568904225553918924e-02
2.574216922118649498e-02
2.453820133316819349e-02
2.393795456618501294e-02
2.463462514092072675e-02
2.462297827168764136e-02
2.347950971466488540e-02
