0.000000000000000000e+00
8.168251089712751378e-01
7.489410157428584291e-01
3.556675967183058895e-01
1.423099769978919127e-01
4.973009796856530523e-02
1.941221973563199074e-02
1.896684453505657550e-02
3.126832662350532976e-02
3.826364563659963303e-02
3.499419591504440014e-02
2.604326293335887735e-02
2.084281441977860888e-02
1.960445349071952142e-02
1.900930662981923161e-02
1.791556910933226818e-02
1.944564745326774272e-02
2.502058383390100629e-02
3.294049480493078247e-02
3.812022995760447341e-02
