0.000000000000000000e+00
7.742081618668060772e-01
9.117871812795919073e-01
7.293035708880065693e-01
5.472886452651073430e-01
3.690652379677145656e-01
2.260456707237560037e-01
1.174365087508938282e-01
4.635694069286162844e-02
2.342123040079382296e-02
3.254885985467159681e-02
4.390368722534904178e-02
4.747869346299704585e-02
4.764417830291914346e-02
4.876918582901839522e-02
5.366951523966947968e-02
6.087025465038910926e-02
6.914440575720950943e-02
7.546617799237340107e-02
8.110514105400670748e-02
