0.000000000000000000e+00
7.533651306114795831e-01
7.778371243045424377e-01
4.749111767883497648e-01
2.522421909304781162e-01
1.079468117457632881e-01
3.801539895813499381e-02
1.884650177965497761e-02
2.185031300240069738e-02
2.594268159391860742e-02
2.833038401621443270e-02
2.837425101110691364e-02
2.663141940702905275e-02
2.515502930338755702e-02
2.423020372115420110e-02
2.579888719744917458e-02
2.768224414111332410e-02
3.042275145554619586e-02
3.265456885717215457e-02
3.527264812559950669e-02
