0.000000000000000000e+00
7.773423189265362687e-01
8.343194473985102722e-01
5.492294806174771171e-01
3.169963597033392255e-01
1.479569845736868894e-01
5.570778094168923195e-02
1.674769598721371003e-02
1.769886345691888338e-02
2.550239708903262112e-02
2.678502267971791598e-02
2.443696678463174940e-02
2.209917231166178692e-02
2.183370559809108200e-02
2.468106737431807751e-02
3.087654778450856646e-02
3.727441187316780924e-02
4.245234462044855661e-02
4.528932847451320326e-02
4.774732260503237319e-02
