0.000000000000000000e+00
7.687853052406830034e-01
8.819989571221185098e-01
6.696426481213323401e-01
4.696118125897690843e-01
2.895331026883125602e-01
1.602250176040786733e-01
7.340338217731022519e-02
2.795736024182854385e-02
2.018648330027628460e-02
2.641070547981499983e-02
2.897417011238551804e-02
3.018467652746456217e-02
3.279645189991514664e-02
3.786552600072227298e-02
4.492306747289836338e-02
5.231188415847478484e-02
5.877637275237605763e-02
6.275585578698335276e-02
6.539929966603864886e-02
