0.000000000000000000e+00
7.942633475897432627e-01
7.342447081757306204e-01
3.467847612924634948e-01
1.258992541086773054e-01
3.028552987913664743e-02
8.825447449167866248e-03
1.100390477484408484e-02
1.750609260783564727e-02
2.207938586558670299e-02
2.251278743379940897e-02
2.091095330314007850e-02
1.988478002742268685e-02
1.853638114078070415e-02
1.832500050549900478e-02
2.091705517876446888e-02
2.564192775845682004e-02
2.825559849276517224e-02
2.911918545879444917e-02
3.162946456121866479e-02
