0.000000000000000000e+00
7.423831198965261668e-01
8.566990020567853970e-01
6.594832981050358089e-01
4.728989411124507325e-01
3.026873494416003063e-01
1.769377562452741082e-01
8.804717788832634728e-02
3.577986337296016478e-02
2.680810036168185945e-02
3.349931424828811455e-02
4.097655840571318847e-02
4.463420983665059016e-02
4.611490182554048300e-02
4.608356517811202507e-02
4.670301110183526505e-02
4.884539663150937183e-02
5.358761354779623121e-02
5.685793834926040902e-02
5.992943817002837487e-02
