0.000000000000000000e+00
8.433205002825528984e-01
5.902482997302723744e-01
1.410279603892397871e-01
2.358947065952299652e-02
1.311125716044356238e-02
1.099551746057108800e-02
1.287197500360202571e-02
1.700413510670619952e-02
2.061591662071097369e-02
2.035454257712063231e-02
2.109311348288612012e-02
2.162270578083315756e-02
1.989454015623922864e-02
1.789999362725872359e-02
1.922357678196429456e-02
2.219345351278639855e-02
2.263560281426172174e-02
2.161595824789339787e-02
2.277540044758994200e-02
