0.000000000000000000e+00
7.908647545620021146e-01
8.965736848824268357e-01
6.637310443721742281e-01
4.490692589018832614e-01
2.633036703399460610e-01
1.383039429982373947e-01
6.534268156825701057e-02
3.962275288445147453e-02
3.745090033142795677e-02
4.020709053591157989e-02
4.107738677857343534e-02
4.159701686578829577e-02
4.422942457958219109e-02
4.977071234509718167e-02
5.873817158947879785e-02
6.718592254801029895e-02
7.285009114636148420e-02
7.235389771320595298e-02
6.853795831072626021e-02
