0.000000000000000000e+00
8.062935605073806578e-01
7.650058816576036369e-01
3.807843155129128077e-01
1.460215225449588705e-01
4.612246869863678711e-02
3.297408250621562675e-02
3.451501900233978209e-02
3.353005686495592885e-02
3.290422399403069437e-02
3.292071737709960366e-02
3.438138834367421293e-02
3.389654538488039159e-02
3.312641243039454036e-02
3.081183623312156936e-02
3.043459385815014059e-02
3.055760505930926393e-02
3.146717528915203566e-02
3.113771528698850918e-02
2.966207341713157294e-02
