0.000000000000000000e+00
7.445874633063439552e-01
8.252812559914899371e-01
5.843992019828709861e-01
3.757651550498393722e-01
2.073089729008569804e-01
1.000651076571273668e-01
3.767016592047349455e-02
2.239899934059915235e-02
2.728352688645909602e-02
3.235083479600048967e-02
3.539567751506377674e-02
3.566306587471546746e-02
3.502597466134983045e-02
3.387026367509919644e-02
3.492559746971210521e-02
3.711963478199129668e-02
4.129619003793896792e-02
4.417345866839834934e-02
4.723943169957240534e-02
