0.000000000000000000e+00
8.048114607799153886e-01
7.939431528849463238e-01
4.276161359991579314e-01
1.776058579277095539e-01
4.835108892802714164e-02
1.997522610233215187e-02
2.274193104897788767e-02
2.577464240975956347e-02
2.899089731176697493e-02
3.233105888839086367e-02
3.430475791113365980e-02
3.360524238792951535e-02
3.070849199324319004e-02
3.072055410055216790e-02
3.853991716065571782e-02
4.725789680786655900e-02
5.058453684884881008e-02
4.666217398634195379e-02
4.299214717234765837e-02
