0.000000000000000000e+00
8.174594227172027328e-01
6.302535495115032527e-01
1.972129039242591642e-01
4.546292978024205067e-02
1.639344691627658140e-02
1.264659718750102413e-02
1.524941475565565890e-02
2.004270496947134494e-02
2.231991500473167953e-02
2.221942988522140894e-02
2.048388868082151940e-02
1.783301471775062055e-02
1.498835336005175170e-02
1.481421595056774988e-02
1.661518512678243284e-02
1.714109834346281766e-02
1.872212504615503037e-02
2.076280892387501534e-02
2.167125060620076274e-02
