0.000000000000000000e+00
7.934377253016764442e-01
8.802632449289510275e-01
6.211087971152404741e-01
3.922134500430512483e-01
2.071589691385385956e-01
9.415858032417608048e-02
4.234761428206648692e-02
3.293087597998538285e-02
3.625837932146141335e-02
3.898153445784424687e-02
3.943862933767821460e-02
3.910833695520307685e-02
4.038440641840763262e-02
4.497108617391407798e-02
5.353837752915193565e-02
6.198782160393546264e-02
6.749245779142123980e-02
6.650530728116636758e-02
6.236344925794580496e-02
