0.000000000000000000e+00
1.033850704211532578e+00
4.337098635404008085e-01
1.109246041642415748e-01
1.062839599894574161e-01
8.441179729037441570e-02
1.309203261926269179e-01
1.181566109720246782e-01
1.422492871471546794e-01
1.674484115564486286e-01
1.618951858071737970e-01
1.436752091099311457e-01
1.537018944274723964e-01
1.144142920123531609e-01
1.409916229295061219e-01
1.263046215546767825e-01
1.279108535225283172e-01
1.303502979572432885e-01
1.258900545981857522e-01
1.224725384455495336e-01
