0.000000000000000000e+00
1.180154335996968618e+00
5.654593810790410346e-01
5.800728277228104496e-02
3.552908606675088399e-02
3.208666648248219289e-02
2.901710289893492598e-02
2.596347579582132178e-02
3.177936483091646502e-02
4.164884774357749397e-02
3.592412317652497744e-02
2.778533705870153345e-02
3.038234627793058584e-02
3.139812831149690897e-02
3.259292148158077912e-02
3.269400666181959680e-02
3.482757825338729518e-02
2.939388255069047551e-02
2.865969821082059790e-02
2.642045623343385399e-02
