0.000000000000000000e+00
7.547606615458362089e-01
8.535588118736747720e-01
6.316867816683138237e-01
4.307137596886305708e-01
2.585661628238245524e-01
1.418392448560381325e-01
6.752083239725632791e-02
3.620986692795198636e-02
3.403761954222938452e-02
3.644877827392226793e-02
3.897357273069271960e-02
4.087341933846357078e-02
4.230455185610816626e-02
4.446573191625432381e-02
4.827313372171752187e-02
5.229747355196947417e-02
5.580472045137468279e-02
5.688901490153906032e-02
5.613630023071071451e-02
