0.000000000000000000e+00
8.286480070155960442e-01
6.650389672148757647e-01
2.180088531940245766e-01
5.028344283056819519e-02
2.350975512334162187e-02
2.630596223495238611e-02
2.905223815864821715e-02
2.829364055247089380e-02
2.799217036771836989e-02
3.043876147803814200e-02
2.895955462075180606e-02
2.651862392123629369e-02
2.626799882122996671e-02
2.589899192449423779e-02
2.498836548346921801e-02
2.439132794059050910e-02
2.512351652974889604e-02
2.513884432527620921e-02
2.388012570082579181e-02
