0.000000000000000000e+00
8.234070341379982061e-01
6.831589727919662458e-01
2.442969017678002785e-01
6.098300750303062290e-02
2.450847323336736994e-02
2.722372847733278006e-02
2.967310273184210756e-02
2.875235631974329756e-02
2.862499368822425672e-02
3.068932627380333705e-02
2.965737438691989220e-02
2.761193311384901525e-02
2.704329521576879017e-02
2.633253735772228196e-02
2.561951557020773415e-02
2.510960065996270876e-02
2.589480788390078475e-02
2.584259016801018424e-02
2.452629732433051282e-02
