0.000000000000000000e+00
7.591843938896324362e-01
8.164082392611990979e-01
5.418112638847180085e-01
3.179484708502590129e-01
1.536506994699398942e-01
6.497275225850000779e-02
3.199630624162284886e-02
3.051869900773209257e-02
3.322759583128964689e-02
3.269733896329818368e-02
3.299026094168439754e-02
3.366274606227641353e-02
3.396242195041795225e-02
3.557348049630167791e-02
3.946879474980525410e-02
4.298078348730974274e-02
4.566982954624950602e-02
4.576922567449021734e-02
4.480051222687709417e-02
