0.000000000000000000e+00
8.635660945784282561e-01
6.206375782214644810e-01
1.665606206891846741e-01
4.031352135057925806e-02
2.745269922649744634e-02
2.875792340878469480e-02
2.098783249660482811e-02
1.867067388171181341e-02
2.252275608396363607e-02
3.099115371936675759e-02
3.144745089950352207e-02
2.835944432918643954e-02
2.542617927002650130e-02
2.073042885601466406e-02
1.921260938849867275e-02
2.075112323604640097e-02
2.388763066550450218e-02
2.525598453048206668e-02
2.845262074171761926e-02
