0.000000000000000000e+00
8.274243856355959492e-01
7.035251120486329945e-01
2.834187165794999075e-01
9.681323173114832203e-02
3.505147550344386853e-02
1.646377868237223346e-02
1.859937098935687816e-02
3.030677552503042299e-02
3.604235378348488728e-02
3.261437544963457363e-02
2.477851064105604864e-02
2.081903153213506691e-02
1.992617475183576861e-02
1.978189290343795176e-02
1.832928520512032422e-02
1.812973400373042027e-02
2.291953018505814288e-02
3.073903673916785970e-02
3.486340676598625316e-02
