0.000000000000000000e+00
7.644812478471815220e-01
9.049499980498770801e-01
7.341080097569041563e-01
5.636306780125333038e-01
3.954490727767154268e-01
2.588187967333192563e-01
1.528065185470551812e-01
7.831483108924534864e-02
3.326320462133259409e-02
2.378421234702933484e-02
2.984337466784355367e-02
3.692047638797961440e-02
4.507616335401907343e-02
5.280680289289422374e-02
6.060486306149238250e-02
6.798846590217913488e-02
7.460805128093631056e-02
7.874400656381669306e-02
8.146088693212516496e-02
