0.000000000000000000e+00
7.423508991172915739e-01
8.584901921980164774e-01
6.637970584452798084e-01
4.787813353508654224e-01
3.089154108625857820e-01
1.824063236399151577e-01
9.222110277609416040e-02
3.749728923536434222e-02
2.706627293491976199e-02
3.352915318381759213e-02
4.124736346202702991e-02
4.520590982227842142e-02
4.691220235530605548e-02
4.699830420719953994e-02
4.762816209594489952e-02
4.975953098730519913e-02
5.451204199042294224e-02
5.778808203177618341e-02
6.083801005587724520e-02
