0.000000000000000000e+00
7.970245275002151297e-01
8.282049768110474330e-01
5.081334728746111917e-01
2.660592451429371064e-01
1.098445806719554052e-01
4.964404213604133032e-02
3.954901822143908757e-02
3.831989366292936489e-02
3.807425557691761220e-02
3.850401659268504889e-02
4.070753207061215267e-02
4.166405027570430075e-02
4.169475246535957191e-02
4.011556375958343773e-02
3.928586844950797408e-02
3.878002410944089706e-02
3.919156057468241999e-02
3.879974034504384689e-02
3.766818229995963496e-02
