0.000000000000000000e+00
7.868543788536213057e-01
9.162059721898068165e-01
7.194361744110657764e-01
5.291836622698556925e-01
3.507536799545331041e-01
2.159833772414595787e-01
1.197389212202637776e-01
6.664216690455705694e-02
4.616664255187296478e-02
4.359360207761928119e-02
4.335660096274562836e-02
4.559301725192966420e-02
5.052065494631045178e-02
5.797285356009485024e-02
6.762086099136800643e-02
7.637625304678838378e-02
8.214807179755220790e-02
8.221539759701064487e-02
7.938521982798221743e-02
