0.000000000000000000e+00
8.918222339663286480e-01
5.663160936037763271e-01
1.044468005166359625e-01
2.637972378043967545e-02
2.221515358605483451e-02
2.338449123109740194e-02
2.973874797476123641e-02
3.008941507584853362e-02
2.879867500829029134e-02
3.234949339825314574e-02
2.810246545798093451e-02
2.261552438084967961e-02
2.512327288385554983e-02
2.632536100545938493e-02
2.356837435874623715e-02
2.343216812640988231e-02
2.518297399124497238e-02
2.509853420906580507e-02
2.352962807224230277e-02
