0.000000000000000000e+00
7.895444526792394502e-01
9.036299170182862106e-01
6.831542186829315799e-01
4.762332019707180564e-01
2.918745831475613728e-01
1.625604758587414489e-01
8.010061698900949878e-02
4.603503742725272713e-02
3.925164806796457850e-02
4.101737921621623206e-02
4.182912820886923455e-02
4.289798990357178432e-02
4.624211843802543409e-02
5.229195908584518410e-02
6.149420989257034509e-02
6.999113715703456085e-02
7.566155628031979996e-02
7.538254581734095405e-02
7.180723135059788320e-02
