0.000000000000000000e+00
7.606952836949034680e-01
8.037434662006172070e-01
5.131181597447057596e-01
2.850811988012141862e-01
1.267764756359235079e-01
5.176118452794230274e-02
2.890707942067030981e-02
2.947386291797597299e-02
3.196741632013214846e-02
3.106574448030077762e-02
3.128901225795224089e-02
3.187029760392285499e-02
3.198533485897998158e-02
3.345297329483960802e-02
3.726101367030317663e-02
4.063834578629602068e-02
4.312499399843700704e-02
4.285762119294311834e-02
4.187850792143663764e-02
