0.000000000000000000e+00
7.811765418429307273e-01
8.925157712483537953e-01
6.706689054788550486e-01
4.628681049610040565e-01
2.766276985825599222e-01
1.426763426732089723e-01
5.645134340636184800e-02
2.454676276612979477e-02
3.347697903278141346e-02
4.304699772629266147e-02
4.296188642908398136e-02
3.847967396420497177e-02
3.355387816872443946e-02
3.300381857876187597e-02
3.759742253898635395e-02
4.490526271041139078e-02
5.372436236468348253e-02
6.039188252260140055e-02
6.663355371197234034e-02
