0.000000000000000000e+00
8.215617306948699294e-01
6.300924951523080297e-01
1.908545172806208057e-01
3.798505505987904984e-02
1.171318730230107991e-02
1.004513382422940991e-02
1.204057039227939344e-02
1.658681758394138159e-02
2.043561391948336622e-02
2.024701702653212629e-02
2.055532570644618903e-02
2.064437120439921447e-02
1.893483471324548112e-02
1.756530321490338761e-02
1.895754261838424742e-02
2.251270807601507551e-02
2.304504202102377816e-02
2.259224625371725886e-02
2.429004843933332131e-02
