0.000000000000000000e+00
1.217745763825906602e+00
5.421326824204699690e-01
5.393371243340992771e-02
3.759396181831732575e-02
4.581804633407557392e-02
4.545328200235673743e-02
4.043510400155281292e-02
4.618022236408259734e-02
5.784176404511809366e-02
4.960965565811172040e-02
4.779776306548189080e-02
5.801407436035910248e-02
5.888941589288022860e-02
5.082692568585099602e-02
5.192479243580279402e-02
5.939153658251008355e-02
5.705345908827853113e-02
4.791621457154204150e-02
4.571476744597226249e-02
