0.000000000000000000e+00
7.726011964453047831e-01
9.165505839919632081e-01
7.442968979152777553e-01
5.701642985045848322e-01
3.961678481743332592e-01
2.527810476245035964e-01
1.405337952461309103e-01
6.144630863452038572e-02
2.477522171946158758e-02
2.841903073240135622e-02
4.239389672547386190e-02
4.938049763011663484e-02
5.199113553347289168e-02
5.418597163380441117e-02
5.945530419856044635e-02
6.658815076831488267e-02
7.457672165387715935e-02
8.066097474278120794e-02
8.601582328695098201e-02
