0.000000000000000000e+00
1.591361258560689329e+00
5.876855119259741800e-01
9.783702640562570718e-02
1.082384275479188612e-01
9.084414958280538632e-02
9.206038694315291093e-02
1.324682446777732114e-01
1.226875064396239362e-01
1.284318674839071694e-01
1.332484528564992499e-01
1.294530068410583712e-01
1.144944648756349159e-01
1.084949300715002535e-01
1.090847955072103137e-01
1.125616086839094365e-01
1.097881493681835408e-01
1.123207566948469793e-01
1.211662981180870596e-01
1.126259628661158557e-01
