0.000000000000000000e+00
8.073986234950507601e-01
7.940111764049316845e-01
4.376261428400682885e-01
2.060939356137147516e-01
7.805486246977327847e-02
2.745486314350141857e-02
2.087467597743684206e-02
3.281480559924597473e-02
4.082638290631756400e-02
3.831700886713411414e-02
2.887415729060264363e-02
2.190248507086388699e-02
1.937645543532696621e-02
1.840190892643777873e-02
1.799030449565663589e-02
2.180490563343688223e-02
2.874987818006039669e-02
3.648699349635947664e-02
4.287665819945465917e-02
