0.000000000000000000e+00
7.760423785990689938e-01
9.065605216540743028e-01
7.130555253009309702e-01
5.230778042847791243e-01
3.412925077800039175e-01
1.996546136770637747e-01
9.557232285735216271e-02
3.506434916720872763e-02
2.523260100158802866e-02
3.688019877966840221e-02
4.445877834746558149e-02
4.506775793152802828e-02
4.319019965286566287e-02
4.354768400110536203e-02
4.831857059291943396e-02
5.558358734995572092e-02
6.406303939763072219e-02
7.054614449618545891e-02
7.637117679938844328e-02
