0.000000000000000000e+00
7.714347842056162863e-01
8.683896601571891027e-01
6.332576579439332942e-01
4.203430513368644483e-01
2.395717258754582191e-01
1.192892012056083889e-01
4.615298020059074163e-02
1.788500812350342709e-02
2.246011719691812930e-02
2.751083971485488583e-02
2.764525667162894690e-02
2.695698043783571404e-02
2.822795851768427483e-02
3.248747371992350558e-02
3.928702005710530548e-02
4.653112865048312369e-02
5.269249375392166812e-02
5.635359562091572100e-02
5.885547658735495319e-02
