0.000000000000000000e+00
7.753666563732747319e-01
7.052793037786897479e-01
3.268851450758207822e-01
1.217079283948470647e-01
3.584054726233853322e-02
1.473642250167499917e-02
1.582568686465991165e-02
2.060941725659857365e-02
2.298939444250321443e-02
2.396467028524481083e-02
2.256705202894108628e-02
1.994190425542355719e-02
1.821990496738813345e-02
1.752947836892399663e-02
1.919014884389175918e-02
2.060573709185339886e-02
2.243985864884717046e-02
2.424668148435103754e-02
2.578676952807624698e-02
