0.000000000000000000e+00
7.940480703098472537e-01
8.759129052985741293e-01
6.101750225015979412e-01
3.782066009053953182e-01
1.940917893344173140e-01
8.459771979525020080e-02
3.779858943231721724e-02
3.193111588051954219e-02
3.600387130010292147e-02
3.857359030874967648e-02
3.900922067728825743e-02
3.854643040269701421e-02
3.950569068859952071e-02
4.387547063738463787e-02
5.235502822458101835e-02
6.082619387371780012e-02
6.625965030054525862e-02
6.513243353949499381e-02
6.096154628823947930e-02
