0.000000000000000000e+00
7.649901641633003457e-01
7.723564805937641609e-01
4.453778439135769873e-01
2.133811431964732219e-01
7.442856137510471537e-02
2.913644856552628087e-02
2.564598282927077130e-02
2.713365002723473057e-02
2.829625523121534134e-02
2.739781258222565713e-02
2.773300954604289784e-02
2.823186218674059861e-02
2.796958115753243185e-02
2.913985230775537061e-02
3.270658765313922550e-02
3.575218623486994124e-02
3.780951837507982860e-02
3.703448935536356873e-02
3.588000321499890816e-02
