0.000000000000000000e+00
7.756864973815598141e-01
9.075505974054932645e-01
7.161223091146164954e-01
5.276028675589776729e-01
3.464102825811701813e-01
2.044371940251712150e-01
9.946064448228124355e-02
3.690234726131682436e-02
2.478119990695940716e-02
3.610680016884492555e-02
4.442090763858062147e-02
4.553859942880193051e-02
4.400568661486159439e-02
4.448582865408350767e-02
4.927116378520066814e-02
5.652331181366202634e-02
6.495866298147995321e-02
7.142417131332330638e-02
7.722131671863448343e-02
