0.000000000000000000e+00
7.733286733755998510e-01
7.290845352282774305e-01
3.590274760491345418e-01
1.343248840164029123e-01
3.762511407372331335e-02
2.196977881139936667e-02
2.205035973855447307e-02
2.305755833472508676e-02
2.353636923808129569e-02
2.337943568777817518e-02
2.409839380068131559e-02
2.447075222959770383e-02
2.391460294553095917e-02
2.500345568225834092e-02
2.861531666979165445e-02
3.156137510910422828e-02
3.261991126200381591e-02
3.088563995556819000e-02
2.966193352774581724e-02
