0.000000000000000000e+00
7.790370229589511641e-01
7.069025509776886151e-01
3.178840494400543837e-01
1.018276243198425746e-01
2.615224404302479017e-02
2.041395819629678726e-02
2.064401896526513527e-02
2.127479905916792105e-02
2.169804663962743643e-02
2.185568681853528039e-02
2.272354722662335916e-02
2.294458513819099682e-02
2.228702242878071588e-02
2.358939741983807209e-02
2.734768843814287809e-02
3.008283734933634920e-02
3.064984997515010634e-02
2.845916712647075797e-02
2.717716466567386691e-02
