0.000000000000000000e+00
7.974676290521306443e-01
8.250697916181050084e-01
5.013014271493015928e-01
2.588548476747064564e-01
1.047117695245926433e-01
4.764397070242206572e-02
3.927715032790243116e-02
3.811276469170262610e-02
3.776933662673456066e-02
3.812895408851917772e-02
4.030797852736089232e-02
4.117371414509092553e-02
4.116440794849290236e-02
3.950944515064706841e-02
3.871117171665750673e-02
3.824511449629964394e-02
3.868200017649286310e-02
3.830641207275865823e-02
3.712707509128476691e-02
