0.000000000000000000e+00
7.875954528045058245e-01
9.129358503688046467e-01
7.097885226548171778e-01
5.148238779344618266e-01
3.343837469648421323e-01
2.006986697577744505e-01
1.074511846972718010e-01
5.981727645699058682e-02
4.354529619562568649e-02
4.272401568443742054e-02
4.294827169557727947e-02
4.484051012295078853e-02
4.931182531628359317e-02
5.631366351757695343e-02
6.584820320000005223e-02
7.451319330311199918e-02
8.027027179062225237e-02
8.017855679579069528e-02
7.704377737375775470e-02
