0.000000000000000000e+00
8.029958602473012963e-01
7.863099946503105953e-01
4.213908026071074842e-01
1.809740098204496161e-01
6.077312328772573741e-02
3.523340275591840126e-02
3.614068480970332453e-02
3.522783135064867094e-02
3.442834905746636198e-02
3.433010191787736615e-02
3.614046936488663625e-02
3.608948771377663844e-02
3.561081627898455421e-02
3.332166245407215677e-02
3.279678592433640100e-02
3.283046311144723062e-02
3.361941849627904377e-02
3.323485290634166367e-02
3.171704363380922070e-02
