0.000000000000000000e+00
9.911909033680942338e-01
5.390212211237696005e-01
7.122468891694845594e-02
3.090953416089764483e-02
2.498213844921564827e-02
2.651087463259351948e-02
3.526441172189299922e-02
3.574132812769806322e-02
3.405974134045886698e-02
3.773278432348043526e-02
3.262860645404232901e-02
2.442878357470043560e-02
2.951733551409536568e-02
3.010276901903819607e-02
2.659907187387036687e-02
2.664946588228026686e-02
2.867672351137568604e-02
2.875555375641821246e-02
2.684217034476228322e-02
