0.000000000000000000e+00
7.656712059866606079e-01
7.680655959151303502e-01
4.364592176465603712e-01
2.045622389178493039e-01
6.882993502508508166e-02
2.728774505305042730e-02
2.523816236676162950e-02
2.670945419525230791e-02
2.779015923761158496e-02
2.694720522402407198e-02
2.731218401474027474e-02
2.780348107369459698e-02
2.749499175559156836e-02
2.863272046888028569e-02
3.216879341543136400e-02
3.516938357355559736e-02
3.717106026853216755e-02
3.633576309744701582e-02
3.516609425674051270e-02
