0.000000000000000000e+00
7.575969007769897123e-01
7.610043169366389471e-01
4.382482170881398242e-01
2.159007406384148842e-01
8.391472919395369379e-02
2.797396359222183160e-02
1.736161614969000330e-02
2.163475671706105094e-02
2.512048252452427424e-02
2.713136593175209665e-02
2.663214884532359022e-02
2.445330738621995931e-02
2.289849097912719650e-02
2.217436285522998707e-02
2.377232980730641793e-02
2.548651444391863627e-02
2.785251859803693220e-02
3.000236119270313292e-02
3.230742533978382680e-02
