0.000000000000000000e+00
7.581282444346998384e-01
8.253689662108504299e-01
5.626746951587615619e-01
3.427870096847268622e-01
1.751008899035570998e-01
7.788190571249892225e-02
3.630957150496794822e-02
3.107878192568134385e-02
3.389910130452380987e-02
3.386199084695108025e-02
3.432927466211540407e-02
3.509251810716154663e-02
3.556515501396257523e-02
3.728348400809388535e-02
4.123457508431524476e-02
4.481197046557577196e-02
4.766588757590087960e-02
4.805343264821500954e-02
4.709190733241604143e-02
