0.000000000000000000e+00
7.678802913317748224e-01
8.865308754016651971e-01
6.821262292765656321e-01
4.871625161497784573e-01
3.082821324039646815e-01
1.765802675982272862e-01
8.541125603106035358e-02
3.385820820475989729e-02
1.944445953164369856e-02
2.564785117750156829e-02
2.928815045350535023e-02
3.142248444714221267e-02
3.469230943758803976e-02
4.012014761760548942e-02
4.725438556280782409e-02
5.467824312615796739e-02
6.123361249787787064e-02
6.531807173637423081e-02
6.798873165892434234e-02
