0.000000000000000000e+00
7.765468881217947317e-01
8.390818910179242973e-01
5.604522030159134749e-01
3.299774894727978136e-01
1.584638490865446780e-01
6.213425838718110439e-02
1.861552366307896861e-02
1.731596803633440873e-02
2.542957683759430529e-02
2.697909603966355818e-02
2.482713389059413786e-02
2.260157386080141606e-02
2.249071483945382088e-02
2.549504949497665568e-02
3.177278606164338909e-02
3.827657651475269152e-02
4.360199215487703395e-02
4.653671574040194048e-02
4.900222575526252955e-02
