0.000000000000000000e+00
7.910564242836374271e-01
8.696995706699932605e-01
6.043703493451204611e-01
3.767442242869896707e-01
1.993200023167492618e-01
9.509092448507099060e-02
4.826498889618462129e-02
4.072294915481286526e-02
4.234069699926454322e-02
4.495355555536557218e-02
4.827283415834449087e-02
5.033628770716178091e-02
5.109111911205179574e-02
5.036604797358017194e-02
4.955982379123571868e-02
4.841227151340506824e-02
4.824146899947951567e-02
4.786759731941168938e-02
4.710493549522477841e-02
