0.000000000000000000e+00
7.786111393814174608e-01
7.084107770972055684e-01
3.206154824565992101e-01
1.038475091420600349e-01
2.674771759519936967e-02
2.049541385065819024e-02
2.073510348230617542e-02
2.138813393512347533e-02
2.179058779472352672e-02
2.194329019246298029e-02
2.280508114321905949e-02
2.303968223012449815e-02
2.238871446781605726e-02
2.367376627395638769e-02
2.742527581384627752e-02
3.017992004139914003e-02
3.077543171209473974e-02
2.861240235065387952e-02
2.733362307169409991e-02
