0.000000000000000000e+00
7.798163044285700840e-01
8.962578670859526753e-01
6.817210840609327915e-01
4.781384518570426789e-01
2.924072619372135029e-01
1.559587515429052829e-01
6.469329943013592266e-02
2.559418568724863147e-02
3.149037848893861818e-02
4.209012852402963661e-02
4.361094745812719997e-02
4.016351144640380177e-02
3.575073074732950523e-02
3.529710977919459786e-02
3.996923078481641467e-02
4.732327598731318752e-02
5.610141637904701023e-02
6.272706297967740874e-02
6.877803946042966576e-02
