0.000000000000000000e+00
7.855694339955098249e-01
9.216916904418740453e-01
7.359186346526691569e-01
5.541679281979710048e-01
3.799231467255374528e-01
2.439970626320193958e-01
1.430136626547287571e-01
8.050916198415788982e-02
5.184297623230760266e-02
4.566454492028107492e-02
4.444216816184316798e-02
4.689695608775573676e-02
5.275157462758527788e-02
6.116189850031020225e-02
7.102220284738011702e-02
7.988638507576410752e-02
8.566820887643265825e-02
8.602528476927452650e-02
8.397671438621914786e-02
