0.000000000000000000e+00
7.865583455416886860e-01
8.766724489909233364e-01
6.261720036226439134e-01
4.044616300796183284e-01
2.203314738831944342e-01
9.986243965665973776e-02
3.612401637924888415e-02
2.678828327489914118e-02
3.970773107729930890e-02
4.439476905869672169e-02
3.976132411853062348e-02
3.236494614861352287e-02
2.634430055437215340e-02
2.574269405018200438e-02
3.008750988569133117e-02
3.721383237789879783e-02
4.598004769691765165e-02
5.274784406117227764e-02
5.974792055824068582e-02
