0.000000000000000000e+00
7.671679891799949580e-01
8.901397034713259826e-01
6.921740170030740158e-01
5.015266712703253527e-01
3.239907789328083099e-01
1.906704664335842903e-01
9.622214772717971321e-02
3.985854730558318487e-02
1.986752320187407800e-02
2.511074256748489081e-02
2.950208311924537238e-02
3.245318514515847796e-02
3.636896009132247615e-02
4.212954467915744350e-02
4.936298491835690305e-02
5.675601252037393296e-02
6.337105811774129682e-02
6.753670216218236877e-02
7.022539143768251335e-02
