0.000000000000000000e+00
1.411794988082111235e+00
5.902473871731268584e-01
5.806963007006057942e-02
6.120524429340941375e-02
5.307546496438746153e-02
5.192141954591878578e-02
7.062404167725128135e-02
6.855527797433344506e-02
6.950489966029871347e-02
7.474480078711093212e-02
6.884843469058897492e-02
5.450738372930954978e-02
6.090169469319916401e-02
5.999457213736204136e-02
5.785760275137131342e-02
5.662126012909295125e-02
5.854271260993226117e-02
6.055302182892548929e-02
5.592381880859934734e-02
