0.000000000000000000e+00
7.438424548157295257e-01
8.316795228764097825e-01
5.996520287525110016e-01
3.946988992450038425e-01
2.247669448192285702e-01
1.131014860016276713e-01
4.420723749038105860e-02
2.352186001192696496e-02
2.720831780175748602e-02
3.288199560267886928e-02
3.659410546704653516e-02
3.729065472256377217e-02
3.690752956496391041e-02
3.582588691189603214e-02
3.677770972561545532e-02
3.899365027787424220e-02
4.334940273339740746e-02
4.629802261889354870e-02
4.940960986174378067e-02
