0.000000000000000000e+00
7.677868772662318486e-01
8.870021771691235513e-01
6.834329439058274280e-01
4.890185461907620157e-01
3.102935893582642879e-01
1.783651389194479409e-01
8.674684301406536402e-02
3.454967245972139639e-02
1.939491709856032420e-02
2.556071531174726463e-02
2.931695366757197663e-02
3.155506734454897877e-02
3.490112158982320439e-02
4.036981284206653947e-02
4.751449240523585027e-02
5.493925727443144807e-02
6.150323942154072021e-02
6.559858009866850748e-02
6.827153326616917928e-02
