0.000000000000000000e+00
7.940213888657371433e-01
8.495451471229221729e-01
5.561603455812104135e-01
3.191109580222980524e-01
1.502796125364768975e-01
6.763699772676848299e-02
4.202568416519844585e-02
3.970522691168901913e-02
4.018929971702955850e-02
4.147743735313479119e-02
4.399603896797906616e-02
4.552163165272050949e-02
4.582958859216075542e-02
4.475912130382881521e-02
4.375882467079478949e-02
4.295693966001889325e-02
4.319679459296737328e-02
4.276017016951661615e-02
4.191420284616198533e-02
