0.000000000000000000e+00
8.155308564833964047e-01
7.290734415627789788e-01
3.098503665663258078e-01
8.694164650361498048e-02
2.148542208560515546e-02
2.130909970620011029e-02
2.233885500185235282e-02
2.304837083131424519e-02
2.537121312618928828e-02
2.993202265672439272e-02
3.303869366966585841e-02
3.295339741190782962e-02
2.953335623464432846e-02
2.736754144441840356e-02
3.413040637888756917e-02
4.375886015850341537e-02
4.497130304647999760e-02
3.906590323312798124e-02
3.526608893857926391e-02
