0.000000000000000000e+00
7.950956058065118404e-01
8.418080048574340113e-01
5.384491790001154632e-01
2.990539146756382438e-01
1.344515205271495373e-01
6.006061763877217075e-02
4.083255975973140717e-02
3.921907210925269088e-02
3.941022025652527599e-02
4.026904346997949719e-02
4.262185479716142089e-02
4.396088299637423286e-02
4.418299053624819006e-02
4.296197312531355866e-02
4.201280371246596951e-02
4.132386060177798554e-02
4.162260473107250169e-02
4.119279625760440683e-02
4.025023701562845807e-02
