0.000000000000000000e+00
8.061021347324958120e-01
8.001176264914783287e-01
4.496631531918845459e-01
2.165630718021218371e-01
8.361104769593738495e-02
2.929184015483815920e-02
2.121389453933321748e-02
3.298061457834201154e-02
4.115730655627097834e-02
3.880934234292517798e-02
2.935670652239002337e-02
2.213231484178686606e-02
1.935672061459414728e-02
1.835270717829314349e-02
1.811171483716768338e-02
2.228410828349628239e-02
2.939278470000694296e-02
3.711160029163892982e-02
4.367435271477695946e-02
