0.000000000000000000e+00
7.836788334691787705e-01
7.957187871685178493e-01
4.639241988805970496e-01
2.265366222829434673e-01
8.310085026713502632e-02
2.257927069498982808e-02
1.039398934196945207e-02
1.891343780262970398e-02
2.452991953978737524e-02
2.495513558060121623e-02
2.221831039449744666e-02
2.033087147134798878e-02
1.952941364131503474e-02
2.046933164033075750e-02
2.550002382945536217e-02
3.116911119936538813e-02
3.524794869989579527e-02
3.732808561434754202e-02
3.968584911570939566e-02
