0.000000000000000000e+00
7.804128329399122599e-01
8.156965153169078997e-01
5.068512456605223093e-01
2.702501660942779882e-01
1.125849564374577227e-01
3.630212093085091046e-02
1.273239765968461022e-02
1.876508814466176442e-02
2.527326615187960521e-02
2.590670835534575681e-02
2.319105161717431932e-02
2.090446665775116605e-02
2.029290925087064504e-02
2.207257176838383836e-02
2.793277860791260059e-02
3.394778742075897637e-02
3.855066727069265953e-02
4.106288716988108073e-02
4.347072683847388180e-02
