0.000000000000000000e+00
7.770760335441236899e-01
7.007943745480085251e-01
3.185901800658818006e-01
1.156863114457167829e-01
3.360477026485320096e-02
1.433466981654420332e-02
1.575853172818605583e-02
2.055019770722765066e-02
2.290444901033596853e-02
2.379739261678975176e-02
2.232308070164094882e-02
1.968597866357813322e-02
1.795978739881107580e-02
1.727795574807092227e-02
1.895503782095775067e-02
2.032383585051750902e-02
2.213475468942691093e-02
2.392681396867073207e-02
2.543798848918673791e-02
