0.000000000000000000e+00
7.665741920525661612e-01
7.626526490328610075e-01
4.253191968519836053e-01
1.937563059421878175e-01
6.346556050189855469e-02
2.612097288337615272e-02
2.472183287175026140e-02
2.615723815275912412e-02
2.715787462531293883e-02
2.639453432675649414e-02
2.680120697200295832e-02
2.728217734550558021e-02
2.691679705928860453e-02
2.801750914730355424e-02
3.151476348368180413e-02
3.451353200532361609e-02
3.643278749975311509e-02
3.548168083794745603e-02
3.429648700955290758e-02
