0.000000000000000000e+00
7.732549092183940154e-01
9.145939539008427488e-01
7.381165861410216023e-01
5.606738714351826580e-01
3.848257719871700511e-01
2.414809448934495395e-01
1.306624826347677903e-01
5.436317964387335500e-02
2.360760912224597885e-02
3.014520356967127085e-02
4.316084808872344691e-02
4.865480648276566261e-02
5.018243025817711173e-02
5.186746465482786062e-02
5.694844218529047930e-02
6.412404133248086890e-02
7.224311289528917435e-02
7.843487513073346684e-02
8.391833730356522414e-02
