0.000000000000000000e+00
8.129144339263025820e-01
6.326189456550076473e-01
1.931125186839127150e-01
4.198357119336020710e-02
2.108060909761965210e-02
1.913029026172594418e-02
1.737239624696179999e-02
1.872063252266646660e-02
2.016961286322592473e-02
1.970697762315402890e-02
1.988775146079611866e-02
1.992394205324830164e-02
1.918605897804340210e-02
2.084526380548131289e-02
2.439918994088039611e-02
2.660556992277524416e-02
2.586751257543647500e-02
2.303733604944707691e-02
2.155648499066345133e-02
