0.000000000000000000e+00
2.565997230261230500e-01
2.660320242446422290e-01
2.901069807691710190e-01
2.354374839856900603e-01
2.151081932183793732e-01
2.550668385061374832e-01
2.549903125732957965e-01
2.138788905818093944e-01
2.013936131718843947e-01
1.986167930871783893e-01
2.464588419504399053e-01
2.659061479287708751e-01
2.463010569310787878e-01
2.716631454383086619e-01
2.924310183243415961e-01
2.458877944896424028e-01
2.737570689338669760e-01
2.263471298221035044e-01
2.273678190032966395e-01
