0.000000000000000000e+00
8.021866558006330861e-01
7.918190618277839432e-01
4.322572509679686314e-01
1.908584689385426636e-01
6.519739140803687549e-02
3.605867576287964671e-02
3.656841266986476935e-02
3.566183554020264240e-02
3.483907603469635350e-02
3.476878782588281591e-02
3.665916364034871311e-02
3.671851002166311162e-02
3.630718351808665673e-02
3.405746059868788866e-02
3.350441500783452042e-02
3.348966778428760782e-02
3.423513633462890726e-02
3.386045835944150734e-02
3.235518242268324574e-02
