0.000000000000000000e+00
7.620124642430433637e-01
7.453566642986364510e-01
4.053839282927115262e-01
1.855420074828223742e-01
6.585782125010260224e-02
2.197492609465407504e-02
1.681072158219304447e-02
2.134320939598842101e-02
2.442853752288514854e-02
2.611770372927919512e-02
2.526265696953775702e-02
2.286770411945334563e-02
2.122512879934216473e-02
2.058308803372092127e-02
2.219633803500315611e-02
2.380343280758350638e-02
2.595212846052560515e-02
2.797075302550871417e-02
3.001738942232016344e-02
