0.000000000000000000e+00
7.951388362016743594e-01
8.677989238228265290e-01
5.901890801247836604e-01
3.531978290848158952e-01
1.715197904576123422e-01
6.972606639090549174e-02
3.149546395901996199e-02
3.054328855463124201e-02
3.551701982863947338e-02
3.781603081068495714e-02
3.822762273694773477e-02
3.757365540637792184e-02
3.803727453032439837e-02
4.198992338205890379e-02
5.032000159887465435e-02
5.882243840237777466e-02
6.411656175854206496e-02
6.271762690140837704e-02
5.853987992509728649e-02
