0.000000000000000000e+00
9.825939536447716449e-01
5.601113302751328238e-01
8.205006199393420629e-02
2.795980473475970229e-02
2.696977972065107282e-02
2.214546145635660004e-02
1.976608108205787917e-02
2.436347947885543139e-02
2.951811529829422714e-02
2.575363772642345200e-02
2.153238985197336239e-02
2.311946711761403775e-02
2.379816014072297370e-02
2.429321450003265118e-02
2.533949439893721373e-02
2.762563261606106393e-02
2.482315945477795924e-02
2.286126924458824899e-02
2.118202375276800192e-02
