0.000000000000000000e+00
1.446961321512578280e+00
5.965783661038250862e-01
6.078115617311113938e-02
6.526362505377655832e-02
5.684559246353246276e-02
5.557371005842711570e-02
7.619639047718800018e-02
7.329603586983358954e-02
7.459234040998824478e-02
7.964135794433822857e-02
7.397403453187011146e-02
5.937537135846256142e-02
6.529074181894764517e-02
6.429989424646888330e-02
6.245613153130262496e-02
6.132643892445862471e-02
6.306582290777172639e-02
6.553148565743788234e-02
6.033539304055170194e-02
