0.000000000000000000e+00
7.739242327916506792e-01
9.126192610043891706e-01
7.319082624887671695e-01
5.512259263757225414e-01
3.736718440008786613e-01
2.305242162605446454e-01
1.212423171146138623e-01
4.855832619464688776e-02
2.336647286727683293e-02
3.185405900433734699e-02
4.372219092579231886e-02
4.783974488456912977e-02
4.838710126836628933e-02
4.966534328927445230e-02
5.460031696285359143e-02
6.179231443008080527e-02
7.003442753518984709e-02
7.632060181581692970e-02
8.191679456147528404e-02
