0.000000000000000000e+00
7.957861964286861989e-01
8.369282341570204453e-01
5.274495547108969395e-01
2.868876621005606031e-01
1.251691568862366710e-01
5.605249301586785748e-02
4.033890693302396441e-02
3.889140286548850578e-02
3.892965265397878294e-02
3.958858714743218599e-02
4.187854744506833843e-02
4.310296187717557043e-02
4.325265068915552097e-02
4.189784908802874491e-02
4.098310095032216965e-02
4.036104501589862087e-02
4.069161382249063957e-02
4.027400829115866665e-02
3.927767566284445094e-02
