0.000000000000000000e+00
1.285570941310020920e+00
4.688836145631020691e-01
9.935303475527000605e-02
1.226787008069260693e-01
1.190554457366905655e-01
9.722895437456734180e-02
1.204567441460421690e-01
1.010623651543896689e-01
1.086700977725126999e-01
1.392982763201288665e-01
1.498325237374599772e-01
1.205853252160982436e-01
9.531983002128513460e-02
1.036992366345457772e-01
1.116240360798729792e-01
1.074529503639983369e-01
1.009074450514183263e-01
1.201336527307208940e-01
1.100078242564401232e-01
