0.000000000000000000e+00
7.652508700257124596e-01
7.347645648303213761e-01
3.838431697781154450e-01
1.668011587447654764e-01
5.568947049822382811e-02
1.913406133121335964e-02
1.644643874183526408e-02
2.112720651609991535e-02
2.399332276281792437e-02
2.548051134552853023e-02
2.445315969456592423e-02
2.199000971074438829e-02
2.027395870925958327e-02
1.963870196845585864e-02
2.127106106409352645e-02
2.282482037097427821e-02
2.486465387029518012e-02
2.680681242055328942e-02
2.870392379081108947e-02
