0.000000000000000000e+00
8.085355702769667641e-01
7.516291169339897049e-01
3.564038139706857122e-01
1.265621854340075181e-01
3.896694192057641865e-02
3.180845781978949155e-02
3.352596737113733988e-02
3.252467425687827207e-02
3.216455699947155800e-02
3.240514405193544584e-02
3.342857672687834375e-02
3.267550643448118713e-02
3.182792561465964259e-02
2.961574913792102207e-02
2.923504199657886091e-02
2.933673551282667269e-02
3.028063145266926895e-02
2.998395604270406509e-02
2.851949824442774617e-02
