0.000000000000000000e+00
7.785844674201318760e-01
8.268394564903798205e-01
5.319194875280782719e-01
2.974670291058887917e-01
1.327057775056514344e-01
4.697418719598638048e-02
1.488024504508497076e-02
1.821359434844964723e-02
2.550057760924261119e-02
2.644779323246951655e-02
2.388078819673919440e-02
2.146467441793662584e-02
2.106239200417278634e-02
2.352115702396006744e-02
2.959554421159948587e-02
3.583464705015526608e-02
4.078087735009353065e-02
4.348059593937672607e-02
4.591817659729083984e-02
