0.000000000000000000e+00
7.733248371706999968e-01
8.579199192095043891e-01
6.064615437305302947e-01
3.858322242736695329e-01
2.069697843293185069e-01
9.481566865616582185e-02
3.239010646893072248e-02
1.653676692931982384e-02
2.415853739351787877e-02
2.757528265150391983e-02
2.657016794091759948e-02
2.508180989843577027e-02
2.573845596441199507e-02
2.947294265051117121e-02
3.610837752927025662e-02
4.307943605543738952e-02
4.896211707486290698e-02
5.236189731414742782e-02
5.480679320671644206e-02
