0.000000000000000000e+00
1.399856750045686660e+00
5.991077730037690507e-01
5.616194364233890318e-02
4.634937818916396585e-02
3.986105199509686059e-02
4.051588373411221800e-02
3.701532020841664938e-02
4.484657636808984243e-02
6.133141459451270372e-02
5.376013548986290774e-02
4.014413119247725592e-02
4.435533510001243851e-02
4.285325364850061519e-02
4.709658029793468287e-02
4.585819319201814293e-02
4.745161020313294620e-02
4.052892806412851379e-02
4.087163685216665954e-02
3.693962519244150394e-02
