0.000000000000000000e+00
7.952787023196028482e-01
8.405081015432160907e-01
5.355062086368032048e-01
2.957771048347236365e-01
1.319275100410788326e-01
5.894885439944014954e-02
4.068894489815462479e-02
3.913319760276307013e-02
3.928226998844010914e-02
4.007469390157505224e-02
4.240954629856034941e-02
4.372836660461802694e-02
4.393072885425649415e-02
4.267353017200013060e-02
4.173336401148024233e-02
4.106253880041327992e-02
4.136909031661034630e-02
4.094015874766143009e-02
3.998225076203822115e-02
