0.000000000000000000e+00
8.081455835537735277e-01
7.713269407704644864e-01
3.840913556843416621e-01
1.391886233913517679e-01
3.257654650514404254e-02
1.913088557826371841e-02
2.271595745319315851e-02
2.437290287743063347e-02
2.720699431719601422e-02
3.136633550242161339e-02
3.372708796368922846e-02
3.324578513411208941e-02
3.007387910359768726e-02
2.911901005871369782e-02
3.661740481716813100e-02
4.582565907914583347e-02
4.828611455344147818e-02
4.356730340992121669e-02
3.980919225163140340e-02
