0.000000000000000000e+00
1.588040619216941618e+00
6.004808308525229066e-01
6.751219646206788050e-02
6.835218750608175464e-02
6.034478623602195640e-02
7.938020049559095515e-02
7.890301976194251388e-02
9.291821727399271480e-02
1.103557542743147102e-01
9.147914715565781674e-02
1.021493622224590170e-01
1.076740832477229154e-01
9.066117603404083569e-02
9.026452266573227468e-02
9.668085077534785410e-02
1.000191587554810912e-01
9.493241659113468844e-02
9.428410105927947926e-02
9.172423060609984080e-02
