0.000000000000000000e+00
7.900038985701076655e-01
7.578425746600042645e-01
3.892410806281939584e-01
1.592131344740785326e-01
4.489528429118647135e-02
1.144712007252928453e-02
1.059876203854847633e-02
1.789245323006509805e-02
2.296771503013838797e-02
2.336423256840603965e-02
2.126502746993301149e-02
1.995542442981667816e-02
1.880376866614137318e-02
1.888491189453482197e-02
2.224973032459991867e-02
2.731720512816664115e-02
3.049855754927968676e-02
3.180995352388133607e-02
3.422585530425851369e-02
