0.000000000000000000e+00
7.939990715276520339e-01
8.513869128189776037e-01
5.616973374875706693e-01
3.280392115671385000e-01
1.564456193257869887e-01
5.980942207647400866e-02
2.506416172586602847e-02
3.154653616546847922e-02
4.267533689750324655e-02
4.310019087823934586e-02
3.505622809337188145e-02
2.673345744266058394e-02
2.153175135995437361e-02
2.021180613118515185e-02
2.314163445167761318e-02
2.974640457658881548e-02
3.802731103717978817e-02
4.505544512441024552e-02
5.257310149930146531e-02
