0.000000000000000000e+00
8.042851751940789384e-01
8.085411304987105696e-01
4.666733277606052166e-01
2.318424368431457605e-01
9.212461422109975706e-02
3.223987575292067836e-02
2.170322676399611891e-02
3.315863835118564029e-02
4.159358912660279101e-02
3.950057535794975622e-02
3.006166455393349812e-02
2.253903705966642940e-02
1.939471479522972969e-02
1.831684656865833344e-02
1.837025498804254614e-02
2.309823063412604419e-02
3.039204194688610583e-02
3.806368595924791709e-02
4.484143486584712956e-02
