0.000000000000000000e+00
7.793954095572213081e-01
8.219161069800871022e-01
5.207376752174415202e-01
2.851695945484635786e-01
1.234480869246427637e-01
4.196134169974736344e-02
1.383481725231265440e-02
1.848093662999545500e-02
2.542754803124783886e-02
2.621264515113328614e-02
2.354780703494828084e-02
2.117890701662758848e-02
2.067853174439516009e-02
2.282753587791143401e-02
2.882770968121185079e-02
3.496625843384106730e-02
3.975968139970990217e-02
4.237650747713292421e-02
4.480162713879034392e-02
