0.000000000000000000e+00
8.483295518615583397e-01
5.992954093584188513e-01
1.426599916593785933e-01
2.912199279988361353e-02
2.314541932589646994e-02
1.941202695828068286e-02
1.736351529195694771e-02
1.983939351219059927e-02
2.206902241064786704e-02
2.055672457926923172e-02
1.956261332115363100e-02
2.006455661591617992e-02
1.974525246334617179e-02
2.091440065303086515e-02
2.360524574120380359e-02
2.578687549197592604e-02
2.452919715004414636e-02
2.176305337353330940e-02
2.024689835960753748e-02
