0.000000000000000000e+00
7.483467161544042900e-01
8.015665939569678322e-01
5.286786234027773812e-01
3.101384635423983793e-01
1.512644070780002348e-01
6.201866892769100637e-02
2.446001284221765645e-02
2.189714086808159169e-02
2.704753763350707663e-02
3.033317829780545968e-02
3.142742128425476261e-02
3.052195077663809666e-02
2.927263522160345605e-02
2.812587540584876936e-02
2.955379275263572345e-02
3.162164213360246778e-02
3.505455442858854131e-02
3.755779338094108327e-02
4.045704982182039139e-02
