0.000000000000000000e+00
7.830145088373682283e-01
6.862904317590670100e-01
2.923759144871910798e-01
9.758634223751451453e-02
2.769922786162208259e-02
1.350379066324573774e-02
1.555545858516007261e-02
2.035687978211731669e-02
2.269321665846444833e-02
2.334666972884038433e-02
2.166087842417901282e-02
1.898988275945260804e-02
1.716633834845669379e-02
1.656049329665467210e-02
1.829405156073090483e-02
1.947930004810811272e-02
2.122618791394819543e-02
2.299663459965582690e-02
2.441088992522570666e-02
