0.000000000000000000e+00
7.877494873041619439e-01
6.802592122451559531e-01
2.710850610985892084e-01
7.441026686778338950e-02
2.126215392660847983e-02
1.926896992127853300e-02
1.925836356376210701e-02
1.947203941388097465e-02
2.030963593353943622e-02
2.054102877139395850e-02
2.143557786867278381e-02
2.139523994832163642e-02
2.062810649383691602e-02
2.225089835409025177e-02
2.609746695432620459e-02
2.853193263814929673e-02
2.865393461347735121e-02
2.604522238948990195e-02
2.468402436725168625e-02
