0.000000000000000000e+00
8.001181429174052395e-01
7.049819975724569421e-01
2.981445949471134838e-01
9.223869310132140620e-02
1.939617327894306575e-02
8.133476362567457554e-03
1.116681929236117490e-02
1.705349612647219168e-02
2.119455136797796999e-02
2.160020797142114812e-02
2.055812129750486314e-02
1.990227396726948136e-02
1.829244452590723935e-02
1.780596954308942548e-02
1.985758675027936987e-02
2.427788384937870289e-02
2.612472331967971226e-02
2.642527230941102076e-02
2.895039326434362126e-02
