0.000000000000000000e+00
7.744030796631643510e-01
9.112183042922261667e-01
7.275265326787238029e-01
5.446115652497723891e-01
3.659472921993046635e-01
2.230302713815826565e-01
1.148891447537500193e-01
4.488997574001454827e-02
2.350374600078857304e-02
3.303786990494184117e-02
4.401110621171189230e-02
4.722734403298849137e-02
4.714161477680239160e-02
4.816734840216402302e-02
5.304649713687522444e-02
6.025352611162674427e-02
6.854870173930863175e-02
7.489340910551878228e-02
8.056008038680681493e-02
