0.000000000000000000e+00
7.648568277355924927e-01
9.026426994494148870e-01
7.275393113390263844e-01
5.536883715612581636e-01
3.836420038967044421e-01
2.471294325953970750e-01
1.426792839750465614e-01
7.073130703038166267e-02
2.958217042621332990e-02
2.354761558880730590e-02
2.974626634070344500e-02
3.624671531845102823e-02
4.355360332884701535e-02
5.088537276930642228e-02
5.856655166380753813e-02
6.593326320699137433e-02
7.255243994351386061e-02
7.672714350319814747e-02
7.944706093702987026e-02
