0.000000000000000000e+00
7.832104040285073898e-01
8.867526549703852456e-01
6.540575057033930495e-01
4.404921062526016562e-01
2.542916598854310650e-01
1.246372580509010480e-01
4.677398620223224834e-02
2.434349082322120536e-02
3.627051593799673207e-02
4.392652392798866712e-02
4.182584286481615121e-02
3.605737158125487535e-02
3.056252963255190816e-02
2.994991165510817871e-02
3.444935364604786998e-02
4.169697674159733580e-02
5.053507632668070848e-02
5.722604905499793088e-02
6.373666472202671462e-02
