0.000000000000000000e+00
7.911858366341770754e-01
8.688736053394344738e-01
6.023279316283101092e-01
3.742107573234753071e-01
1.970547222252486963e-01
9.359916348101419981e-02
4.777219977059068978e-02
4.069178786472663761e-02
4.225010747368165148e-02
4.480251406445801693e-02
4.807756887917716965e-02
5.011691254319409344e-02
5.084721266079991059e-02
5.010497564534909659e-02
4.928425789379591720e-02
4.815131128007364009e-02
4.800182301383260769e-02
4.762287370083018861e-02
4.686409262074473642e-02
