0.000000000000000000e+00
8.176243077162782535e-01
7.187162108027312923e-01
2.930190930862316412e-01
7.842950165528457529e-02
2.165159625953703287e-02
2.193741057913989323e-02
2.223775961650169275e-02
2.287277438234664589e-02
2.515727915493244649e-02
2.974212035360827844e-02
3.292286148785682209e-02
3.297128296091075828e-02
2.954808956901965045e-02
2.710404767809451720e-02
3.365933351933324963e-02
4.330742785531795092e-02
4.433944564477179662e-02
3.813047016293129310e-02
3.438447472101898578e-02
