0.000000000000000000e+00
7.556458532547559726e-01
8.462852018458378867e-01
6.133398018847988631e-01
4.064428085226988174e-01
2.343716184135349601e-01
1.222247578821880898e-01
5.711578988836871207e-02
3.350998630971273318e-02
3.399277334094771841e-02
3.611752831571447137e-02
3.779487758224837207e-02
3.917129699015547278e-02
4.025177372853229463e-02
4.227880211607322469e-02
4.620044047340016863e-02
5.007683919613938051e-02
5.342720930453963984e-02
5.429336207454002472e-02
5.343074481491912053e-02
