0.000000000000000000e+00
8.124427323606914220e-01
7.305008056967826624e-01
3.195779853165798268e-01
9.961179376793644069e-02
3.071842259272637016e-02
3.016880931351421241e-02
3.208780608806197782e-02
3.113128296249720664e-02
3.104428551183101986e-02
3.176603892373779797e-02
3.207204758067491029e-02
3.091776901466338975e-02
3.003245521060512666e-02
2.827093577973459684e-02
2.782487092203629955e-02
2.772402933115005602e-02
2.863439550406544215e-02
2.834297515744129553e-02
2.693309043030540223e-02
