0.000000000000000000e+00
7.937049743303864480e-01
8.518181979724585018e-01
5.614369438965139958e-01
3.252007117384980162e-01
1.552127985098188667e-01
7.009188820190799529e-02
4.241109847251730430e-02
3.983846971105255846e-02
4.041733956449623105e-02
4.184439557423008660e-02
4.442987416895623903e-02
4.601335625587530537e-02
4.634163035996262392e-02
4.531604675264729043e-02
4.431019557802548525e-02
4.346887826204615113e-02
4.368289218880690161e-02
4.326332997920059875e-02
4.244316906580911791e-02
