0.000000000000000000e+00
7.618490031000496598e-01
7.945410204070134652e-01
4.927877159276989882e-01
2.626954917314952564e-01
1.094907450388312303e-01
4.372551141231144356e-02
2.781123674052382588e-02
2.895364910243353879e-02
3.092710384769144574e-02
2.990618750320545721e-02
3.015121751325817306e-02
3.070052064999974351e-02
3.069839079613499028e-02
3.206672355698180626e-02
3.579984029378008997e-02
3.907898844972874930e-02
4.143474792942010432e-02
4.099153549985658923e-02
3.996083786076470162e-02
