0.000000000000000000e+00
1.817503475699055182e-01
1.680529124436500044e-01
2.600762873023743094e-01
2.866563739876961669e-01
2.904900495850596953e-01
2.739931683499351456e-01
2.311432762028212684e-01
2.206492817990294841e-01
2.120421665293152624e-01
1.814662930985906086e-01
2.489247317934130954e-01
2.588505613846892595e-01
2.002344159243798494e-01
1.963085440681676674e-01
2.210283051796452514e-01
2.383890720695261423e-01
2.416985828558871618e-01
2.430872141145678789e-01
2.313101887170442295e-01
