0.000000000000000000e+00
7.828846825933950537e-01
6.941950194551753661e-01
2.952293177140485891e-01
8.700443180361776274e-02
2.276164811115452200e-02
1.981284469376147148e-02
1.993605084134141697e-02
2.036008363149820546e-02
2.096805655777170610e-02
2.115932519922189212e-02
2.207205072346974870e-02
2.217548609856108757e-02
2.146554795110737837e-02
2.290896847476599565e-02
2.671158912626978021e-02
2.928748014015235268e-02
2.965368626955124792e-02
2.723756650758732065e-02
2.592334609546611060e-02
