0.000000000000000000e+00
7.463978272271742931e-01
8.127874633189792197e-01
5.548316164897489911e-01
3.402378240500185669e-01
1.760889206747233149e-01
7.805919090078482225e-02
2.891653604440005965e-02
2.154817038225050399e-02
2.732528946990374005e-02
3.132170381463186826e-02
3.317417586182296041e-02
3.278365598313669887e-02
3.178754120553707596e-02
3.058405673844782902e-02
3.182803197545757551e-02
3.396537543109356960e-02
3.776449258237984247e-02
4.044689263474383206e-02
4.344123272843432998e-02
