0.000000000000000000e+00
7.889391251665217597e-01
8.690143848872042831e-01
6.058834955255639754e-01
3.794026007998255179e-01
1.981618071296573635e-01
8.489488667397022958e-02
3.102035322514910473e-02
2.842355114134058336e-02
4.120933047127316867e-02
4.422548728926048445e-02
3.824085705972397192e-02
3.010817516979917910e-02
2.420584330120674824e-02
2.329602206004751166e-02
2.748351087638800649e-02
3.449598489507351567e-02
4.314065664744525658e-02
5.000882116227742952e-02
5.723833856443762136e-02
