0.000000000000000000e+00
7.963540965650973691e-01
8.584156303553730494e-01
5.676714183346892595e-01
3.259245233628214611e-01
1.480211825932472580e-01
5.655887994329261703e-02
2.758388425662331930e-02
2.974202174973105198e-02
3.478498992572259113e-02
3.696031545862943357e-02
3.738225104154541817e-02
3.655149829462444461e-02
3.650951128549143054e-02
4.004091144722176504e-02
4.822285504554427171e-02
5.673127323539000483e-02
6.184939317202815118e-02
6.012419709654376332e-02
5.600930973199778201e-02
