0.000000000000000000e+00
7.670658409256104759e-01
7.598315234390864426e-01
4.195626475873773797e-01
1.882646315369663481e-01
6.091729613534161564e-02
2.564808177636719935e-02
2.445388205466752715e-02
2.586365683591160952e-02
2.683136524129199965e-02
2.611323675634978289e-02
2.654337507564979992e-02
2.701880565130764314e-02
2.662392467695590126e-02
2.770677751468262479e-02
3.120514242904154009e-02
3.420592035762233529e-02
3.606063505462726165e-02
3.504811131291265397e-02
3.385720310679588008e-02
