0.000000000000000000e+00
7.617176023176098765e-01
7.463546555953318729e-01
4.074430237036276714e-01
1.873812477290533463e-01
6.689657110074136159e-02
2.227444306980852495e-02
1.684784453070427637e-02
2.136259498633527598e-02
2.447061825390858814e-02
2.617983871063015930e-02
2.534352419485440266e-02
2.295531923924614554e-02
2.131971545000438395e-02
2.067707502209698012e-02
2.228890223084761812e-02
2.390248599341452534e-02
2.606270752584625636e-02
2.808822177533948014e-02
3.014944142104972885e-02
