0.000000000000000000e+00
7.514242155286683378e-01
7.863772538195893391e-01
4.940009185009913151e-01
2.721796937128774796e-01
1.221894630026908596e-01
4.516726005342226735e-02
2.031149317722949141e-02
2.193416790567095237e-02
2.635179034419004446e-02
2.899717385367723416e-02
2.938320094565484430e-02
2.790555648284245155e-02
2.649123111392253163e-02
2.544607775408824074e-02
2.701529154398573523e-02
2.897035414777332507e-02
3.193695670055914093e-02
3.426529414924740086e-02
3.699813314451041307e-02
