0.000000000000000000e+00
7.695142505466754379e-01
8.783482340679419353e-01
6.597061479441922449e-01
4.558776640559258908e-01
2.752086200039585151e-01
1.480880684712904127e-01
6.492309031708733136e-02
2.424343105930429690e-02
2.089693867005322850e-02
2.682196746074242549e-02
2.865327091609592286e-02
2.924176732508326770e-02
3.140714158260795447e-02
3.622650720071149411e-02
4.322511939123400287e-02
5.058156421876931069e-02
5.697445615269390584e-02
6.087371969464978883e-02
6.347177905777781626e-02
