0.000000000000000000e+00
7.748226497243548838e-01
7.067380962823996970e-01
3.296029566911460318e-01
1.237109057570132398e-01
3.660117348283041527e-02
1.487567162800716540e-02
1.584778450477565201e-02
2.062865961668985601e-02
2.302303922543508935e-02
2.402306541960864961e-02
2.264986566374586549e-02
2.003125035622004696e-02
1.831056072861608763e-02
1.762219102863634562e-02
1.927772398806204199e-02
2.069996995746710769e-02
2.254169757030799123e-02
2.435406323987498317e-02
2.590380821438035067e-02
