0.000000000000000000e+00
7.670843350577857267e-01
8.905663204349252293e-01
6.933680641988375637e-01
5.032476929484059891e-01
3.258944560916896549e-01
1.924011653784233611e-01
9.758065415491434802e-02
4.065306169468873437e-02
1.999947676181176512e-02
2.504554000868793734e-02
2.952173206498067207e-02
3.257698440648369026e-02
3.658263408871240130e-02
4.238580739554242971e-02
4.962612973387187099e-02
5.701415338521027137e-02
6.363531236610246722e-02
6.781017938544359192e-02
7.050101143084566702e-02
