0.000000000000000000e+00
8.080762200971487452e-01
7.907968666569057392e-01
4.313857890210464618e-01
2.007777074574708387e-01
7.532037270481241331e-02
2.657792499929395938e-02
2.069975624160907968e-02
3.271638170979258853e-02
4.064851991666921377e-02
3.806080106082464221e-02
2.862922549745178236e-02
2.178662341220582305e-02
1.938482863154366784e-02
1.842640729617822312e-02
1.793463552433725849e-02
2.156849739881045586e-02
2.842670689607992504e-02
3.617488472070234246e-02
4.247296457323269936e-02
