0.000000000000000000e+00
7.681198715756156759e-01
8.853256897939318915e-01
6.787918739759011277e-01
4.824427071780883480e-01
3.031917505452730310e-01
1.720891903928192523e-01
8.207211712498477252e-02
3.213772501891913602e-02
1.959407486639485815e-02
2.587567323436682637e-02
2.920853382264135614e-02
3.108659090338933284e-02
3.416861043072244586e-02
3.949519739368400478e-02
4.660850572040842882e-02
5.402402704529215421e-02
6.055629422346237023e-02
6.461261293572052866e-02
6.727753111628831384e-02
