0.000000000000000000e+00
8.506578638060735553e-01
6.446198943493549605e-01
1.958658325114686904e-01
5.017456153275128700e-02
2.818228710836699624e-02
2.868368560693436431e-02
2.128191856499790993e-02
1.788198865151179040e-02
2.150160765708264074e-02
2.951280517409666723e-02
3.080427802893947672e-02
2.807031192582146520e-02
2.520079724707196406e-02
2.074092526397643826e-02
1.924821476667318634e-02
2.063499995976514692e-02
2.357080423783311854e-02
2.503847228824910773e-02
2.869787976253803177e-02
