0.000000000000000000e+00
1.159873063773600332e+00
5.326176148335430849e-01
3.044354205262797194e-02
1.918069189855936552e-02
2.329562337967593100e-02
2.152994531741488082e-02
2.379557271218439921e-02
2.938272868553962192e-02
3.701102812173435314e-02
3.223352264179699805e-02
3.476323225485811186e-02
3.736337119813211427e-02
3.379008505401280560e-02
3.063750772990257720e-02
3.244144585606749398e-02
3.525037938114235908e-02
3.553892779445366745e-02
3.219127974864666869e-02
3.145751145180217256e-02
