0.000000000000000000e+00
7.968195265308652964e-01
8.405666875744645106e-01
5.361963850385872421e-01
3.003641519083163902e-01
1.360785611164699316e-01
5.008393289894087080e-02
2.404995070144535368e-02
3.263639123353743315e-02
4.274368304646224831e-02
4.221599666110436438e-02
3.341468298489651961e-02
2.516769609081247194e-02
2.064941011698758280e-02
1.931015557722384410e-02
2.137932137634258184e-02
2.754475537167609678e-02
3.560414871729115222e-02
4.274885348802957841e-02
5.021005986490950646e-02
