0.000000000000000000e+00
7.449714330009362673e-01
8.223801944989669321e-01
5.774982922299721766e-01
3.673325664182893191e-01
1.997149271105559953e-01
9.455339761277409272e-02
3.529095730680469056e-02
2.209150460017301337e-02
2.734144931494373459e-02
3.212614419381645131e-02
3.485973603762652917e-02
3.496007795506828053e-02
3.422666489361108483e-02
3.304509811642175610e-02
3.414438721932147591e-02
3.633627526858747292e-02
4.042862184910053086e-02
4.326259253220680889e-02
4.631022409338547002e-02
