0.000000000000000000e+00
7.437774086106186955e-01
8.323168434261419835e-01
6.011713181273695694e-01
3.966067694396025467e-01
2.265571305349700082e-01
1.144663109937151535e-01
4.497470574674842375e-02
2.365046984421272785e-02
2.719061900725402992e-02
3.293190170223673358e-02
3.671397793140580845e-02
3.745879593451547501e-02
3.710461671791517868e-02
3.603154261452145429e-02
3.697227058999896787e-02
3.919209884181545922e-02
4.356332869958596393e-02
4.651679167812287213e-02
4.963387345452176247e-02
