0.000000000000000000e+00
7.982752984502795579e-01
6.562501686022923497e-01
2.405393664569047130e-01
6.626810288425222240e-02
1.959246859230175455e-02
1.269316013896547649e-02
1.523160877948431975e-02
1.996401679719598740e-02
2.243834322253355357e-02
2.262748939660470457e-02
2.083402805806062325e-02
1.822581241766312032e-02
1.582663207428235477e-02
1.542300335440653994e-02
1.727146008879666683e-02
1.805891134316774810e-02
1.969660755735559710e-02
2.155537878285691475e-02
2.268947477235654792e-02
