0.000000000000000000e+00
8.402691265883774907e-01
6.631133540677821570e-01
2.258184089035522313e-01
6.767615796819549667e-02
2.852371267788998341e-02
1.621856669090678341e-02
1.927640699261986071e-02
3.020897321565844951e-02
3.434129575047877025e-02
3.109749952692712066e-02
2.443993711805357225e-02
2.121613971542683427e-02
2.025222779388738750e-02
2.036414074663785156e-02
1.887731736110329420e-02
1.738911661920022542e-02
2.200192423918556281e-02
2.948608944525882986e-02
3.288203826694523907e-02
