0.000000000000000000e+00
7.728800792766351568e-01
9.157121829416889902e-01
7.416449522951700235e-01
5.660812852039794896e-01
3.912709473650088365e-01
2.478825601528247824e-01
1.362354216662516604e-01
5.830934241458778783e-02
2.417798901714062615e-02
2.917188121036911469e-02
4.274866859959675774e-02
4.907900400858391382e-02
5.121143173256767489e-02
5.317659195515134218e-02
5.836110752342363317e-02
6.551464338855397807e-02
7.356054408332325656e-02
7.969267535832783023e-02
8.510446327315898674e-02
