0.000000000000000000e+00
7.425369713097489388e-01
8.511196253723238847e-01
6.460818546108385574e-01
4.548355534733751204e-01
2.838771511327130570e-01
1.607350536038036626e-01
7.594849618979372663e-02
3.136109527505543532e-02
2.641087447974723584e-02
3.354412734447138195e-02
4.010571774783852628e-02
4.287430614384157845e-02
4.376846221294858341e-02
4.341630095811946366e-02
4.404299692512431835e-02
4.621308320424762778e-02
5.090664777737530927e-02
5.411419825257420685e-02
5.723342109748839890e-02
