0.000000000000000000e+00
7.817591406408612720e-01
8.908886674183068566e-01
6.659282612380597044e-01
4.564121707524115834e-01
2.700866706068431045e-01
1.372964774135431720e-01
5.329858829999620934e-02
2.426164071466875571e-02
3.424307725871338776e-02
4.335848709319108096e-02
4.265278185272680656e-02
3.777372532932673360e-02
3.266138701474926437e-02
3.208588809162635919e-02
3.665109060282072811e-02
4.393574060568601614e-02
5.276350770661094453e-02
5.944184678589801291e-02
6.577048094511334098e-02
