0.000000000000000000e+00
8.005281233515983974e-01
8.033808816266923003e-01
4.555768463423933712e-01
2.128310111727268472e-01
7.588110971718298181e-02
3.836763236653278203e-02
3.747534707918474817e-02
3.655426654052051916e-02
3.577946039570830544e-02
3.580262928294182523e-02
3.781928971641979748e-02
3.811901134613996517e-02
3.785496875175036607e-02
3.574170465132060076e-02
3.514909956673480107e-02
3.498250689593512819e-02
3.561536355969657786e-02
3.527404216110762575e-02
3.384319229968908022e-02
