0.000000000000000000e+00
7.837656998450621693e-01
6.845777226859964815e-01
2.893363603260303285e-01
9.558043015955111632e-02
2.709045939888415910e-02
1.342552480686187710e-02
1.553330022801140478e-02
2.033375353990692427e-02
2.267249863514715288e-02
2.329824012692349386e-02
2.159317736864515766e-02
1.892764261952181379e-02
1.707676439181500874e-02
1.648187453497634847e-02
1.822238251190730005e-02
1.938586084521694633e-02
2.112625196190896087e-02
2.289672513003126325e-02
2.429844898789952981e-02
