0.000000000000000000e+00
7.712278663627887276e-01
8.694990539600819801e-01
6.361547437472727662e-01
4.241635070383282802e-01
2.433033137775715282e-01
1.222076493420376497e-01
4.793573287965732094e-02
1.825182240952116439e-02
2.229078931284072390e-02
2.747128974648311434e-02
2.776108527453410510e-02
2.719040594598840649e-02
2.853310221932461865e-02
3.285392778187582602e-02
3.967091864703407855e-02
4.694002199149479443e-02
5.312938610597723460e-02
5.681762497921579586e-02
5.932750342201221355e-02
