0.000000000000000000e+00
8.134814976548071508e-01
7.253351775416377878e-01
3.108800759505045419e-01
9.377224914531354094e-02
2.911789779440984716e-02
2.980159809289163395e-02
3.179086120733445875e-02
3.082802679546176733e-02
3.077314893252235811e-02
3.162189141679897647e-02
3.176551043447954636e-02
3.051510468817885194e-02
2.964018339353300877e-02
2.801129328700290369e-02
2.752193519225145518e-02
2.736961659485371429e-02
2.826706052681044606e-02
2.798862070373600575e-02
2.660730226438509302e-02
