0.000000000000000000e+00
7.644590467876055673e-01
9.050885247304858439e-01
7.345031477274130971e-01
5.642314290353618311e-01
3.961670078877899126e-01
2.595349135178523503e-01
1.534322852751621447e-01
7.878916159816619358e-02
3.349609534662079807e-02
2.379823676871165028e-02
2.984693828374790706e-02
3.695935514795974791e-02
4.516884550367714080e-02
5.292514797748536920e-02
6.073113693885912046e-02
6.811622813891693440e-02
7.473611880269148688e-02
7.886886311330433552e-02
8.158552325180062903e-02
