0.000000000000000000e+00
7.878229088615024134e-01
9.119052970747849596e-01
7.067795368394521605e-01
5.103864343692150474e-01
3.293846865265218082e-01
1.960953947410093434e-01
1.038101252915818312e-01
5.785511920594636065e-02
4.281232499383046120e-02
4.247264727553608232e-02
4.282808589542423661e-02
4.461367579676771278e-02
4.894504810358056568e-02
5.582196981307650102e-02
6.531837436630312521e-02
7.395757285269004278e-02
7.970841794452004914e-02
7.956823189748020442e-02
7.637604344712498050e-02
