0.000000000000000000e+00
7.897561455126463903e-01
9.025456506440326931e-01
6.801279754588240856e-01
4.719468771467636992e-01
2.872904895927217983e-01
1.585893895592632441e-01
7.751457268565335734e-02
4.485343153598588678e-02
3.890759133147859983e-02
4.086078780634484764e-02
4.169620555227378927e-02
4.268834644598594463e-02
4.591794086118031193e-02
5.188572273099229665e-02
6.104321895536538728e-02
6.953585512194337959e-02
7.520542829731745316e-02
7.489222638764962692e-02
7.127612841095530560e-02
