0.000000000000000000e+00
7.721829969602010957e-01
9.178148849647738139e-01
7.483089419671861142e-01
5.763728644113546018e-01
4.036644289638658956e-01
2.603377960923950463e-01
1.472213690207953285e-01
6.648793444074301007e-02
2.583303591803422922e-02
2.729278029034709618e-02
4.177844974888099416e-02
4.980481699444851834e-02
5.317968724135259395e-02
5.574684880920007662e-02
6.115659070834884858e-02
6.825954542694143146e-02
7.615745085726050023e-02
8.216401736485175189e-02
8.742736787691003653e-02
