0.000000000000000000e+00
8.151820796785294032e-01
7.172234813110381912e-01
2.974640869533651810e-01
8.552737764996286296e-02
2.716673837830439753e-02
2.924834008463332233e-02
3.133728292177508090e-02
3.035064417730829259e-02
3.034967708947914136e-02
3.140470333177855511e-02
3.130239403278178845e-02
2.990244646337924042e-02
2.904508711069845803e-02
2.762391223727985942e-02
2.710523624037739637e-02
2.687018267776268912e-02
2.773163553670277004e-02
2.749126292279330946e-02
2.613157389323529645e-02
