0.000000000000000000e+00
1.182874661212395040e+00
5.479901393924132558e-01
5.177598481724453305e-02
4.221726804413421241e-02
3.509725845373175973e-02
3.611987194382750010e-02
4.786942676289700910e-02
4.758153260114048044e-02
4.617828362867981012e-02
5.134510032025894899e-02
4.555731673029932843e-02
3.432113605580172644e-02
4.093608430550430693e-02
4.036833311645587202e-02
3.726306625397632355e-02
3.633122380815618363e-02
3.878109706355142849e-02
3.900852319445140270e-02
3.666871162168929693e-02
