0.000000000000000000e+00
7.774606314942327234e-01
8.336088648861957884e-01
5.475685376978621788e-01
3.150965062775222814e-01
1.464438709698757390e-01
5.481804591647681385e-02
1.654266337850325216e-02
1.775476159308014140e-02
2.550691754808001935e-02
2.675442002377215189e-02
2.438059884186587895e-02
2.202751243470479556e-02
2.173996600590493572e-02
2.456490762871471611e-02
3.074843244906940928e-02
3.713085366628249284e-02
4.228677024038181298e-02
4.511053516420365783e-02
4.756656767092279359e-02
