0.000000000000000000e+00
1.200207699524924010e+00
5.488234263709002025e-01
6.390965011950057451e-02
3.600424869529070260e-02
3.827159622869257677e-02
4.262955037672132297e-02
3.263367443837989629e-02
4.339267908656006811e-02
4.733826421283444247e-02
6.471540071366498059e-02
5.566434645642977935e-02
5.283028158276292796e-02
4.391010061324671782e-02
3.525457006547356303e-02
3.695510777609857522e-02
3.747063448366193955e-02
4.097399945637322100e-02
4.340384276037350525e-02
4.461234264610146327e-02
