0.000000000000000000e+00
8.118149096615934202e-01
7.728942699213607881e-01
3.977797307311193298e-01
1.734521848546519140e-01
6.248258145098205263e-02
2.272474460785882389e-02
1.985642298592996471e-02
3.207024701462037053e-02
3.962816545574168042e-02
3.667816372372418449e-02
2.737660674534072441e-02
2.123373318496692141e-02
1.948909178456252958e-02
1.863697281663675986e-02
1.780629321466449880e-02
2.047641172078197916e-02
2.676696281353468931e-02
3.456202232629352472e-02
4.040527679037089759e-02
