0.000000000000000000e+00
8.109647330529239362e-01
7.540255581883245073e-01
3.525989318797460026e-01
1.141445163971572807e-01
2.467752621678039396e-02
1.949915987498058306e-02
2.256021567839061950e-02
2.363819559057553712e-02
2.611664598333468534e-02
3.074728702135581110e-02
3.332268381604083785e-02
3.306863956466982168e-02
2.977025881040757868e-02
2.821249583170907030e-02
3.543880647934179867e-02
4.491362554183650491e-02
4.673202651434756050e-02
4.155868314712499872e-02
3.772746742561764594e-02
