0.000000000000000000e+00
8.009226634416448665e-01
8.006182725466015615e-01
4.499390090647312213e-01
2.074244018203990347e-01
7.319896969668331088e-02
3.778185344026528669e-02
3.725667674953625497e-02
3.634462851789812404e-02
3.554323976174219440e-02
3.553935178266696970e-02
3.753307172269102626e-02
3.777382494704725063e-02
3.747340984345760156e-02
3.532277785434100731e-02
3.474144439959639397e-02
3.461398194957527458e-02
3.527473518410793873e-02
3.492430265096221897e-02
3.347488809274896254e-02
