0.000000000000000000e+00
7.566238464382381013e-01
8.380195414033907442e-01
5.929868411441812093e-01
3.802937547810968932e-01
2.092829518927715460e-01
1.027760633053715622e-01
4.749693543712144722e-02
3.242946007654951696e-02
3.429624273668451656e-02
3.538278444188488331e-02
3.640336114843720217e-02
3.741991207190275420e-02
3.821464613958239914e-02
4.013455638692398769e-02
4.409205976473068445e-02
4.780041708479992879e-02
5.098197458299357637e-02
5.165282782562062580e-02
5.071852996167833250e-02
