0.000000000000000000e+00
7.766699741973935867e-01
9.048363091439383110e-01
7.077288319125372151e-01
5.152686170229364704e-01
3.325412949103929150e-01
1.915636658524135505e-01
8.913445036709807812e-02
3.241839185436912185e-02
2.615627244843793386e-02
3.809621293275711890e-02
4.446215521958549882e-02
4.423928716525033639e-02
4.180423035557114669e-02
4.197015746904158434e-02
4.672455105620183791e-02
5.401121131181703394e-02
6.256040282918748363e-02
6.906840300066147131e-02
7.493727426758199639e-02
