0.000000000000000000e+00
7.465378383827562248e-01
8.119203626181092925e-01
5.527962972572011413e-01
3.378505294271461623e-01
1.740645308513096845e-01
7.669380551845188243e-02
2.846478580633693758e-02
2.155806867510025662e-02
2.731453757707873881e-02
3.124678407473503380e-02
3.303151673863874427e-02
3.259789073445506363e-02
3.158102946998807975e-02
3.038096473411737095e-02
3.163816947139176661e-02
3.376908867786532903e-02
3.754091344059366786e-02
4.020661428935564524e-02
4.319652047570466530e-02
