0.000000000000000000e+00
7.428839088405315705e-01
8.438288690739249587e-01
6.286149676448016255e-01
4.317613105046053112e-01
2.605447709132029943e-01
1.413140278824135954e-01
6.220589383762848562e-02
2.748104328302340693e-02
2.668675202378020458e-02
3.353182663072317576e-02
3.884330903273425922e-02
4.067104735770213364e-02
4.097946749439602271e-02
4.026975193795472030e-02
4.096259133846238965e-02
4.316097012791846738e-02
4.778768593300578710e-02
5.085954710636004378e-02
5.402794400727169849e-02
