0.000000000000000000e+00
7.579329889715131774e-01
8.270129045580897342e-01
5.665581302339499636e-01
3.474983320661805819e-01
1.792769477454752569e-01
8.081775283218438355e-02
3.754172330352507914e-02
3.124782934341535645e-02
3.399283977557980563e-02
3.406890599289938426e-02
3.458472271902489348e-02
3.537280790579382106e-02
3.588357669559133489e-02
3.763040945667611714e-02
4.158570510310818230e-02
4.516636738476310226e-02
4.806716977288250092e-02
4.849490965677472065e-02
4.753486782527923532e-02
