0.000000000000000000e+00
7.966154054225924597e-01
8.563621813651808301e-01
5.628254339231866243e-01
3.201804490214766874e-01
1.432227234555166484e-01
5.409967839904610692e-02
2.698806753684092341e-02
2.960524637335372813e-02
3.460872077030708455e-02
3.677056505525037183e-02
3.721015858738221244e-02
3.634090286885788973e-02
3.619491303279548378e-02
3.964321002951077394e-02
4.779622049863464089e-02
5.630214072488250870e-02
6.137993222224110562e-02
5.958170121046654083e-02
5.548163371991533810e-02
