0.000000000000000000e+00
7.761032026049790034e-01
9.063924355809658273e-01
7.125352915560694278e-01
5.223122384253673367e-01
3.404300288995252277e-01
1.988522861421503363e-01
9.492333607600078604e-02
3.477376580522311550e-02
2.532122530034412039e-02
3.700596149967437520e-02
4.446250548949983589e-02
4.498737732208062112e-02
4.305309747505725593e-02
4.339069541318570089e-02
4.815951517331240606e-02
5.542670341352305685e-02
6.391335532315794987e-02
7.039920407918064116e-02
7.622868305152974422e-02
