0.000000000000000000e+00
7.636742564768527197e-01
7.811565569189671265e-01
4.639189106149971265e-01
2.321803915683197106e-01
8.728981653724200707e-02
3.405659544682564793e-02
2.646554905231955634e-02
2.794716943613554522e-02
2.934382226452233663e-02
2.835716996582061250e-02
2.864099870125863881e-02
2.915713579241719852e-02
2.899408335991203803e-02
3.023659141037228493e-02
3.386668319009578793e-02
3.700428949699312992e-02
3.917835117790808425e-02
3.853158678599702403e-02
3.741286010759951874e-02
