0.000000000000000000e+00
7.606253443950288240e-01
8.043192350156440629e-01
5.144038582578819296e-01
2.865219255382356889e-01
1.279174401524400817e-01
5.230367344158023263e-02
2.900875642755352049e-02
2.950708831544365807e-02
3.202983805147741753e-02
3.113956981907613566e-02
3.136295120543898529e-02
3.194689843515228361e-02
3.206955887291765284e-02
3.354361179230305745e-02
3.735622882064867228e-02
4.073974220828792403e-02
4.323489281155865060e-02
4.298183086146938059e-02
4.200327842523700339e-02
