0.000000000000000000e+00
7.585334151620293230e-01
8.219386513356264912e-01
5.546281510248968205e-01
3.331130610137081893e-01
1.666328920421102089e-01
7.213277578602121654e-02
3.404460268994798089e-02
3.089298839239144542e-02
3.367140787159520615e-02
3.342076362571743536e-02
3.380479029109224182e-02
3.452646727174652624e-02
3.492285975520254687e-02
3.659650402552119125e-02
4.052869699356884819e-02
4.409007649830129494e-02
4.687281726269025561e-02
4.715554033186820232e-02
4.619112967237763712e-02
