0.000000000000000000e+00
1.290134077912085120e+00
5.920824134929019156e-01
3.758395222263943847e-02
2.909441890473718137e-02
3.459835917149430701e-02
2.662205643806434679e-02
3.503654164063298160e-02
3.845343303743570251e-02
3.927974159680344690e-02
4.120456404978418974e-02
4.102828115765517342e-02
3.102832752119569562e-02
2.659352782262265624e-02
2.891935911842010223e-02
3.064006105630547733e-02
3.026533015557394610e-02
3.077415873556098302e-02
3.538448404317393048e-02
3.422977825875535979e-02
