0.000000000000000000e+00
7.875030961694288179e-01
8.736835976736544440e-01
6.181674684681878196e-01
3.944617771055575761e-01
2.113425081077081602e-01
9.368292006636824709e-02
3.384398121336771453e-02
2.740619831275298637e-02
4.035692604742871503e-02
4.436687608317923387e-02
3.915963457991178398e-02
3.141312707339610072e-02
2.535967715730655728e-02
2.470592277365089504e-02
2.901066693194449125e-02
3.609468535506905190e-02
4.481652508766464232e-02
5.163293879372714279e-02
5.873297989803834274e-02
