0.000000000000000000e+00
7.664165605934499803e-01
7.635757156596284512e-01
4.272100860659939214e-01
1.955738725651854359e-01
6.431570839449864130e-02
2.627947508218554662e-02
2.480976130515281236e-02
2.625258528576671427e-02
2.726522928569349857e-02
2.648750635997213290e-02
2.688675334078782439e-02
2.736963834111646662e-02
2.701393486274087860e-02
2.812061984363483161e-02
3.162440174334978094e-02
3.462235635007473999e-02
3.655599593453252166e-02
3.562522424281399508e-02
3.444230658485742530e-02
