0.000000000000000000e+00
3.086600723287306614e-01
3.677710155321419205e-01
2.195697892268211326e-01
1.940465594758641887e-01
1.681107146753211545e-01
1.646357160572224920e-01
2.187745988009288933e-01
1.916356872897829466e-01
2.441977121006312645e-01
2.533551062267926923e-01
2.674286835254370831e-01
2.587056886719069637e-01
1.937038745084947444e-01
2.464616390750938857e-01
2.428809138708512005e-01
2.085436043352155433e-01
2.416994688776600841e-01
2.243916532975632760e-01
2.203924183384484980e-01
