0.000000000000000000e+00
7.993824337453536710e-01
8.346516916874761050e-01
5.131923366004005338e-01
2.638558808874941763e-01
9.897195253620721944e-02
3.367071592616288633e-02
2.351326129932889558e-02
2.855500337289896065e-02
3.252599899316112320e-02
3.485417491574940851e-02
3.590857524618736030e-02
3.478014583463411025e-02
3.329614017171695500e-02
3.589398212697642726e-02
4.382043730289734290e-02
5.226335126257340702e-02
5.688223682303453904e-02
5.435033299659616790e-02
5.039902777258711830e-02
