0.000000000000000000e+00
1.372670385489890954e+00
6.015775223344077549e-01
3.324640024771047947e-02
3.479597174783122943e-02
4.007981318415526628e-02
3.002366545576987122e-02
3.993933067604714393e-02
4.267428546288672825e-02
4.395379801576590473e-02
4.687298844363728401e-02
4.728359157029633081e-02
3.468591258551070172e-02
3.043850215846715876e-02
3.331856268671604115e-02
3.558163079261165984e-02
3.514958128199665438e-02
3.530827404342386233e-02
4.066589424196775243e-02
3.877105754046976382e-02
