0.000000000000000000e+00
7.601541497382211521e-01
8.082258809975946257e-01
5.231742791806842652e-01
2.964301017236746771e-01
1.358566862854706514e-01
5.611854577455305942e-02
2.986557858539978100e-02
2.983401918940248657e-02
3.244270859895462961e-02
3.164237345669253937e-02
3.187315901728011297e-02
3.247829055854537655e-02
3.265455926671067405e-02
3.417222644757760691e-02
3.801454216119382057e-02
4.144017852041525368e-02
4.399476998064704575e-02
4.384387627024639161e-02
4.286872922324364704e-02
