0.000000000000000000e+00
7.609832173839866654e-01
8.013950547074796260e-01
5.078910636926065036e-01
2.792547266999419464e-01
1.221971303456294844e-01
4.959846159938546134e-02
2.853320688913229750e-02
2.934535553456970453e-02
3.170908530390369878e-02
3.076545055535633358e-02
3.099077701909660337e-02
3.156220670418605212e-02
3.164663325034348246e-02
3.308827129639019954e-02
3.687739273817251112e-02
4.022955086220604548e-02
4.268198339455571422e-02
4.235710537831140210e-02
4.137568276575393639e-02
