0.000000000000000000e+00
7.864029991572585310e-01
9.181497102233370233e-01
7.252373177389241921e-01
5.379135914402685126e-01
3.608481500796223984e-01
2.255670229276048599e-01
1.275942062484573813e-01
7.117666823969864831e-02
4.796971570710181071e-02
4.428786052829400410e-02
4.372297422551278678e-02
4.605483964382005996e-02
5.127076529569569302e-02
5.903014051135638263e-02
6.874631226588066857e-02
7.756118771248157739e-02
8.333862094681061816e-02
8.350505002678607069e-02
8.090630214721128421e-02
