0.000000000000000000e+00
7.613633536143926683e-01
7.983538144764839029e-01
5.011612960435467556e-01
2.718263479918880399e-01
1.164409799553874636e-01
4.691408518727420429e-02
2.820151043796717202e-02
2.918435868475492342e-02
3.136623277081725114e-02
3.037869931101513585e-02
3.061253042742550709e-02
3.117330184133340967e-02
3.121884951463134439e-02
3.262746334664845538e-02
3.639163289702222054e-02
3.971119472077213469e-02
4.212020541078316527e-02
4.173753911270269151e-02
4.073850205174141259e-02
