0.000000000000000000e+00
7.426538979217577330e-01
8.483275627818288589e-01
6.393780766836749674e-01
4.459129058146275026e-01
2.747578814642723799e-01
1.530505786882947472e-01
7.037910237120729995e-02
2.962408430600692658e-02
2.647418493086107008e-02
3.356699813556394962e-02
3.962993066950372401e-02
4.200969421752737132e-02
4.266329805896955374e-02
4.216598159457217443e-02
4.281587334567206471e-02
4.499814312095023333e-02
4.966969217774659662e-02
5.282797052683001204e-02
5.596220390984175952e-02
