0.000000000000000000e+00
8.624003098816505064e-01
5.940719253298222258e-01
1.315203810746620461e-01
2.807678296576744670e-02
2.976589085910283025e-02
2.585092283466511320e-02
2.233435498780519252e-02
2.461412226888869473e-02
2.699990224228033392e-02
2.971254072645737251e-02
3.193667032772565945e-02
3.431038073729910515e-02
3.198236076034499664e-02
2.714900740397773946e-02
3.091692183748300307e-02
3.960419675664239580e-02
3.953232965250375042e-02
3.137010012543513249e-02
2.826630000147475896e-02
