0.000000000000000000e+00
7.986925837982972176e-01
8.400444253025478591e-01
5.252504178632698695e-01
2.771169868357699628e-01
1.089253904477944512e-01
3.805331678761244424e-02
2.419032134933837147e-02
2.887842559766268941e-02
3.302482388244909473e-02
3.528872146887344213e-02
3.615263701018238407e-02
3.501609955005843822e-02
3.391213743226548921e-02
3.675386679628760839e-02
4.472287045796986132e-02
5.318975699745881469e-02
5.792765611102543982e-02
5.555755123918362792e-02
5.157654234651084385e-02
