0.000000000000000000e+00
7.981517427110935703e-01
8.442682103680103634e-01
5.348209950295830239e-01
2.878357483341633660e-01
1.171819502327191842e-01
4.176863369376476731e-02
2.475195011671118411e-02
2.910544704703259961e-02
3.345308222873836362e-02
3.563707082912098006e-02
3.635866800379357333e-02
3.526903917655720144e-02
3.446466381845947335e-02
3.745828035367154002e-02
4.546810091023878453e-02
5.394865501193656793e-02
5.877757661771092212e-02
5.654243221069104458e-02
5.253556444867141934e-02
