0.000000000000000000e+00
8.002533018950584998e-01
8.278713271616963132e-01
4.982771907194838978e-01
2.478251019933352672e-01
8.733049361121625331e-02
2.904797227932313583e-02
2.296295040368339854e-02
2.811409847410913099e-02
3.193131237357976077e-02
3.430072368397490273e-02
3.560397161402768795e-02
3.449948152437139204e-02
3.266099562872750578e-02
3.487120842692646022e-02
4.275202530862488859e-02
5.116004013335158362e-02
5.562631845247704987e-02
5.289743990333142798e-02
4.899063767506353639e-02
