0.000000000000000000e+00
7.602856279443418464e-01
8.071313602596809078e-01
5.207088141636876388e-01
2.936306354075931546e-01
1.335971102392149445e-01
5.502568367155682288e-02
2.960974792824883073e-02
2.973408918924699482e-02
3.232901567945870719e-02
3.150125128181456569e-02
3.172874277117858355e-02
3.232728909097851155e-02
3.248816506705142632e-02
3.399364739005082681e-02
3.782795398925877656e-02
4.124175904197970033e-02
4.377934024831664495e-02
4.359785257225372995e-02
4.262182428975673509e-02
