0.000000000000000000e+00
7.646079818954512053e-01
7.748407108988887293e-01
4.505777310854823248e-01
2.185903516159843907e-01
7.792881955687751272e-02
3.035366733711726550e-02
2.587999238100640448e-02
2.737206262108273988e-02
2.859118119781649953e-02
2.766373384866157442e-02
2.798287294812893539e-02
2.848656260134158763e-02
2.825180515107253779e-02
2.944169491031814814e-02
3.302600618157233714e-02
3.609750301629922886e-02
3.818764192595613949e-02
3.744828076934939715e-02
3.630315505523091374e-02
