0.000000000000000000e+00
7.574655057557334592e-01
8.309295697265713931e-01
5.758810465216848140e-01
3.589222763340541023e-01
1.895445056889088209e-01
8.816266209197487491e-02
4.065783437353458207e-02
3.165705349002592706e-02
3.417017746286887120e-02
3.456238106940128646e-02
3.521936389607532164e-02
3.606568376766688261e-02
3.667208950243299598e-02
3.848565414444919675e-02
4.244721421515841586e-02
4.604903534829613704e-02
4.905816342215341824e-02
4.957777277102531216e-02
4.862157343193635600e-02
