0.000000000000000000e+00
8.238785459095776531e-01
6.814281555306437310e-01
2.417279538383926007e-01
5.988166093488127978e-02
2.439644255609824813e-02
2.713181817826142497e-02
2.961003879272973427e-02
2.869015437829628909e-02
2.854612157740576278e-02
3.066278370353985386e-02
2.958738811597779253e-02
2.750405517120668372e-02
2.696267817393685831e-02
2.628431285868449915e-02
2.555537754515120608e-02
2.503574543024048027e-02
2.581623399006020489e-02
2.577017737880272011e-02
2.445843940107852305e-02
