0.000000000000000000e+00
8.414783095190569995e-01
6.041150866578033352e-01
1.500413868614194901e-01
3.063852374691326472e-02
2.281886568697732640e-02
1.933789514317598227e-02
1.731010007502778794e-02
1.960666226279097688e-02
2.166613146023025141e-02
2.035830769072599980e-02
1.956185426614346148e-02
1.998058116138437187e-02
1.957976884748533278e-02
2.084608056389290406e-02
2.368169902104209218e-02
2.586587169096946776e-02
2.468995288888990378e-02
2.189948890093917563e-02
2.038222903364444311e-02
