0.000000000000000000e+00
7.958512814701361737e-01
8.623388831881921845e-01
5.770101955227316948e-01
3.371193033507210446e-01
1.575239546402981139e-01
6.159278753995772043e-02
2.894494933060452399e-02
3.006991901490248600e-02
3.509965045849147702e-02
3.731528339496550939e-02
3.771802218144867241e-02
3.696658101775931321e-02
3.712987790872162436e-02
4.082475213408854470e-02
4.906637508460203606e-02
5.757863056022856363e-02
6.277220792015388018e-02
6.118484014947361826e-02
5.704261461676474881e-02
