0.000000000000000000e+00
8.216228009401390642e-01
6.899113331777368963e-01
2.544384124193255214e-01
6.540039541181674743e-02
2.495847599807691705e-02
2.759107388211105502e-02
2.996822901825550375e-02
2.902074313445499737e-02
2.895473312868839313e-02
3.079800105019498552e-02
2.993729696282627917e-02
2.804049119751903657e-02
2.736616655558446118e-02
2.653133157144209331e-02
2.588299273662558742e-02
2.541691290784950027e-02
2.620994516459174833e-02
2.613143683290629002e-02
2.480820401790339788e-02
