0.000000000000000000e+00
7.774797121861725113e-01
9.026250372704796021e-01
7.009419320896308481e-01
5.054175133866786185e-01
3.216524317100160624e-01
1.816547758849682559e-01
8.173645093696386976e-02
2.962401822268212470e-02
2.743429373043018010e-02
3.942788177627164908e-02
4.436420299931614214e-02
4.317256993758020189e-02
4.010143531516159598e-02
4.005943522580853594e-02
4.480262849630874122e-02
5.211635640325613245e-02
6.074467996778632611e-02
6.727448105069405715e-02
7.318634466305290465e-02
