0.000000000000000000e+00
8.600092835920227774e-01
6.241190515963238594e-01
1.746121305860697526e-01
4.782137648234021515e-02
2.624298522440641698e-02
1.697040412522659442e-02
2.063446133105495406e-02
3.089433110076475822e-02
3.352440878271159552e-02
3.017199134458740939e-02
2.478942538534074230e-02
2.225333435154394288e-02
2.105092584226570668e-02
2.106950832434983933e-02
1.989283175170741477e-02
1.786344407197288861e-02
2.202608746251320110e-02
2.894717920369375280e-02
3.168713464627716248e-02
