0.000000000000000000e+00
7.776208498976987515e-01
9.022395689425215526e-01
6.997650044325974816e-01
5.037208893070893589e-01
3.197944487803976443e-01
1.799820420163771861e-01
8.060051671898900427e-02
2.921024453818065955e-02
2.769063929163225260e-02
3.963558268440213472e-02
4.433676075528056315e-02
4.298711749356026735e-02
3.981792025919198008e-02
3.974363602498784398e-02
4.448147014660261411e-02
5.179940112610664088e-02
6.044013762902616244e-02
6.697409549425299702e-02
7.289155063611950369e-02
