0.000000000000000000e+00
8.061183153678701530e-01
7.848140340239431190e-01
4.097201640184207627e-01
1.613638024916864699e-01
4.150698742107090944e-02
1.963201521684819831e-02
2.277314262701276779e-02
2.516105552168808671e-02
2.824045118571732321e-02
3.193446811472001184e-02
3.407874046765980991e-02
3.344599639383546985e-02
3.036771347162941365e-02
2.998662716827480909e-02
3.771797793075803290e-02
4.662473237393167935e-02
4.957269026852091642e-02
4.528004383534458416e-02
4.163205632530745520e-02
