0.000000000000000000e+00
7.890287817872376763e-01
9.062048730095300098e-01
6.904045314737116135e-01
4.865841549144861444e-01
3.030592508802160689e-01
1.723685134885835357e-01
8.663963958608686400e-02
4.909198578913750305e-02
4.011309907840967387e-02
4.139320450480094005e-02
4.214392393156771166e-02
4.340993362091000868e-02
4.703850681700094682e-02
5.330106685964307311e-02
6.260837385039916270e-02
7.112340060711749845e-02
7.682486140368655070e-02
7.659925680715323759e-02
7.311559185531582572e-02
