0.000000000000000000e+00
8.191249693406699173e-01
4.546515779015636305e-01
2.319513804633996645e-01
2.440797741441038948e-01
1.946529920987448148e-01
2.167921915112737685e-01
2.211801956943976466e-01
2.272756564643163280e-01
2.779452296944652234e-01
2.434136724083103276e-01
2.121517423325183227e-01
2.280321497639932471e-01
2.288070744581696403e-01
2.105402421481838426e-01
1.928191704539473639e-01
2.092875961396597762e-01
2.403499595157350399e-01
2.174279462025754117e-01
2.295627214849277342e-01
