0.000000000000000000e+00
8.066133953884060404e-01
7.630394261920075971e-01
3.771477760041769267e-01
1.430463904696663568e-01
4.494134058064329362e-02
3.279603774996660975e-02
3.436760802235563905e-02
3.337209769538566906e-02
3.278040629238254677e-02
3.282683381497512876e-02
3.423635997941724962e-02
3.371111323887425459e-02
3.292011974650650707e-02
3.061174983789375498e-02
3.024181381392473597e-02
3.036854554196554909e-02
3.128519862505080990e-02
3.096214869704120784e-02
2.948714167034707095e-02
