0.000000000000000000e+00
7.615213460059552242e-01
7.971030800527887372e-01
4.984068937608939209e-01
2.688091644228987609e-01
1.141290563328117291e-01
4.584696768746226309e-02
2.807404185739991245e-02
2.911004492412577749e-02
3.122318951763684847e-02
3.022083360457394549e-02
3.045962939841762376e-02
3.101645151518953383e-02
3.104625434725828345e-02
3.244150812533962147e-02
3.619543215163428113e-02
3.950167499806813559e-02
4.189309381045709657e-02
4.149046251734430507e-02
4.048086858698361767e-02
