0.000000000000000000e+00
7.879614628245814600e-01
9.112706975197244486e-01
7.049342132214579948e-01
5.076748296815061234e-01
3.263438458934301845e-01
1.933102603543849773e-01
1.016778142905674920e-01
5.672330022152655832e-02
4.237508272654757352e-02
4.232072537977835114e-02
4.275337832417643036e-02
4.447523781696461481e-02
4.872260184502905100e-02
5.552493935677571546e-02
6.499857927496525967e-02
7.362245816739237947e-02
7.936906476066016292e-02
7.919937279343333691e-02
7.597325906008051133e-02
