0.000000000000000000e+00
8.666568547871345007e-01
6.149252665787442451e-01
1.629115124505010892e-01
4.423712218068680257e-02
2.621411940986642999e-02
1.724602508806702059e-02
2.105429640480201842e-02
3.124170829476407077e-02
3.345214514407750250e-02
3.010554974734902522e-02
2.502074062430273416e-02
2.266110324580369526e-02
2.132593823306104530e-02
2.132737836055655437e-02
2.023161740331841027e-02
1.809787468977314129e-02
2.217243379151702734e-02
2.899812784150965564e-02
3.154847873869900954e-02
