0.000000000000000000e+00
1.081242264877289916e+00
5.597432504269134190e-01
6.799071222355039523e-02
3.152005099006979089e-02
2.942951999251249701e-02
2.531955843659724342e-02
2.261885351412178113e-02
2.793459618847041540e-02
3.528582254253786327e-02
3.033977831061721725e-02
2.412181927152518696e-02
2.628826488301088532e-02
2.735515188290641928e-02
2.804894925630606675e-02
2.856277705947780216e-02
3.077902485450201633e-02
2.654137556687331465e-02
2.528118191802254666e-02
2.348427113064019758e-02
