0.000000000000000000e+00
1.122846103278898777e+00
5.421653847497815981e-01
5.571021072771813187e-02
3.844048047974511079e-02
3.164486023471141385e-02
3.288685854234366102e-02
4.357132064347390976e-02
4.370520461312759480e-02
4.183394070768822748e-02
4.667913115073542285e-02
4.098378873425401886e-02
3.069897137425178432e-02
3.697368406648218753e-02
3.664632798561405502e-02
3.344688205397922109e-02
3.275987743071902963e-02
3.521844977976233693e-02
3.530709725575660596e-02
3.316237549467444118e-02
