0.000000000000000000e+00
7.752351892335773709e-01
9.088238793881018296e-01
7.200720932731130564e-01
5.334606908882320031e-01
3.530854245744595721e-01
2.107304260356022696e-01
1.046279494026108453e-01
3.936332595555932373e-02
2.420365012042720657e-02
3.505978360150525247e-02
4.432970525151676278e-02
4.613603376851133780e-02
4.507368449979497899e-02
4.572605016990113208e-02
5.053624656738286286e-02
5.777202942616074116e-02
6.615631074781556931e-02
7.258565365380655054e-02
7.834730635488811046e-02
