0.000000000000000000e+00
7.648076787776160179e-01
9.029407539755297529e-01
7.283865477062340110e-01
5.549660915953905649e-01
3.851515408578342070e-01
2.486146789084419939e-01
1.439568344095170371e-01
7.166108952051793157e-02
3.002019120468336910e-02
2.357852894819347650e-02
2.976264150528907040e-02
3.633632327240070292e-02
4.374797170709769645e-02
5.112833142754843324e-02
5.882307244800859258e-02
6.619091435749148433e-02
7.280805719160715617e-02
7.698054464901697702e-02
7.970004432708729936e-02
