0.000000000000000000e+00
7.548509201090256582e-01
8.528347586920320689e-01
6.298402121427157940e-01
4.282408106996845598e-01
2.560613224804836330e-01
1.397705037585498244e-01
6.636324825834007124e-02
3.584854338387914729e-02
3.401814656729816588e-02
3.643301491961159488e-02
3.886040964034160466e-02
4.069755091473992170e-02
4.208824413190694752e-02
4.422991402999505717e-02
4.805473558033730719e-02
5.206450719981054603e-02
5.555218258853392849e-02
5.661406444665867399e-02
5.584912584263948543e-02
