0.000000000000000000e+00
7.762688759130742522e-01
7.171069318001680459e-01
3.365483049756972656e-01
1.161228276754460165e-01
3.058620381513643335e-02
2.100218858107313555e-02
2.128234110961947645e-02
2.207185852807837939e-02
2.245876589747376750e-02
2.249210508491383820e-02
2.331217856613364281e-02
2.361338429594712213e-02
2.300312400402633461e-02
2.419358955575533904e-02
2.789459168618694737e-02
3.075020776117723051e-02
3.152119609020131302e-02
2.952784553530750020e-02
2.827077961092891792e-02
