0.000000000000000000e+00
7.538651557616385945e-01
7.757310020199391642e-01
4.702527697145804098e-01
2.474818195161286594e-01
1.046548514367386801e-01
3.652554614097344027e-02
1.861222265282785893e-02
2.184278589011385413e-02
2.584569921328406031e-02
2.817465746675639968e-02
2.813988199178929853e-02
2.633754515133527804e-02
2.485070815935366134e-02
2.395116132959176566e-02
2.552249897589773525e-02
2.738405936578746855e-02
3.007500167411047629e-02
3.229346034887772138e-02
3.487430132428177842e-02
