0.000000000000000000e+00
7.792268527480908924e-01
8.978643332014444312e-01
6.865251835177456075e-01
4.848712821461700906e-01
2.995005180500409092e-01
1.620651068205779810e-01
6.864531828378372946e-02
2.627565456435419777e-02
3.054744249585142693e-02
4.155719655215925346e-02
4.385221351856007088e-02
4.090892623460846284e-02
3.678078687257335666e-02
3.640911922361329822e-02
4.109907570902582991e-02
4.844790338235269167e-02
5.719857729260047902e-02
6.379825331991703652e-02
6.976566454781187032e-02
