0.000000000000000000e+00
7.659968293905626835e-01
8.962401689000409899e-01
7.093466507363189733e-01
5.265527061391709340e-01
3.521128814102154614e-01
2.167255599259839127e-01
1.171293191881555146e-01
5.298046717101711350e-02
2.321720971797160832e-02
2.419770452208431372e-02
2.961228798535962825e-02
3.425762815721559301e-02
3.961824810667780722e-02
4.604966367947960909e-02
5.345241339977488404e-02
6.082589273343368130e-02
6.748776333628381252e-02
7.169612112349024735e-02
7.441050418348896245e-02
