0.000000000000000000e+00
7.429626259624616536e-01
8.425092890235660326e-01
6.254639744404487667e-01
4.276574761524945534e-01
2.564799992194913836e-01
1.380120842268728332e-01
5.994841198636776530e-02
2.692913646160231475e-02
2.676267590288142553e-02
3.349719396687961953e-02
3.860567909792024521e-02
4.028683357272402205e-02
4.050441737667735687e-02
3.973845714134149193e-02
4.045888101794729158e-02
4.266158936978868554e-02
4.725953334541098394e-02
5.030664090392101412e-02
5.348485303736620622e-02
