0.000000000000000000e+00
7.551282925297562176e-01
8.505865732757660336e-01
6.241349239726472486e-01
4.206426588533114241e-01
2.484214359228410218e-01
1.335148676535002354e-01
6.297980894023841314e-02
3.485579182117708175e-02
3.393769086925191997e-02
3.635792586712947166e-02
3.850189515430069154e-02
4.016016644282418419e-02
4.143384574147349758e-02
4.351684559151852011e-02
4.739741025461489954e-02
5.136165139231441135e-02
5.479446384067979819e-02
5.577820400457167427e-02
5.498109106490228770e-02
