0.000000000000000000e+00
8.447532519854261679e-01
6.232213964729623745e-01
1.636421224647593431e-01
3.347396889919031920e-02
2.258838731895938118e-02
2.459137620792422457e-02
2.813354357090394955e-02
2.795578157817441359e-02
2.741931458024127188e-02
3.030477114017346429e-02
2.781980536296463705e-02
2.434295053547177318e-02
2.500453044694047125e-02
2.563267088021216333e-02
2.393259879289984585e-02
2.337228841370740315e-02
2.430667634361167312e-02
2.419150210050738381e-02
2.312654918138415047e-02
