0.000000000000000000e+00
8.084227331135724892e-01
7.891470348113402977e-01
4.282080691882652612e-01
1.980997338611890646e-01
7.399192571408473584e-02
2.615788998646398356e-02
2.061861443551646703e-02
3.266329548340914102e-02
4.055640576019581278e-02
3.793013886521620637e-02
2.850583426054197067e-02
2.172848812899735513e-02
1.939501097018653947e-02
1.844497690474276863e-02
1.791285792865031021e-02
2.145561284841481647e-02
2.826412982596958681e-02
3.601753430903852776e-02
4.226918758363994166e-02
