0.000000000000000000e+00
8.098265646882909508e-01
7.819966145077696940e-01
4.089229043547397136e-01
1.754375975254143794e-01
6.623603554543400218e-02
3.479863717182262589e-02
2.669851442638419836e-02
2.117203258249369252e-02
1.983673663068740919e-02
2.425267038691924712e-02
2.923156960577077620e-02
2.934318019557157972e-02
2.635693277543051105e-02
2.392671808195168809e-02
2.336021193814450878e-02
2.470922006224580275e-02
2.645275938489599285e-02
2.790841911816850651e-02
3.303293747953617993e-02
