0.000000000000000000e+00
7.536345640083181863e-01
8.625516412587473924e-01
6.549493350372581624e-01
4.624383102828378833e-01
2.914930197330500850e-01
1.698308975476655047e-01
8.697742482591208635e-02
4.433157777714685777e-02
3.444352673142004467e-02
3.637028079616039244e-02
4.022193213184364902e-02
4.314771639272325932e-02
4.532397039837974401e-02
4.780997027527914695e-02
5.142235959233865117e-02
5.552614709701608059e-02
5.929477516756791883e-02
6.066758015997849446e-02
6.010941229880814585e-02
