0.000000000000000000e+00
7.938603209113772596e-01
7.364050081246927837e-01
3.505471684011317035e-01
1.287049261530280320e-01
3.137508255017914388e-02
8.978389684939381069e-03
1.097937093402235643e-02
1.754044157721675046e-02
2.215687657478119035e-02
2.258710268322570644e-02
2.094069213373778507e-02
1.988817560031579459e-02
1.855812984595519438e-02
1.837133154359161732e-02
2.101258178767099333e-02
2.575746955821154455e-02
2.843688584297618047e-02
2.934585599316970328e-02
3.184929872568473264e-02
