0.000000000000000000e+00
7.909799963021364455e-01
8.959215918413134805e-01
6.619681548977034424e-01
4.466440149108196200e-01
2.608078637398077437e-01
1.362409356906055247e-01
6.419549556376018262e-02
3.916623819776853671e-02
3.734972241472545723e-02
4.016948645175642818e-02
4.101175252212043570e-02
4.148393676751459952e-02
4.405476311832159236e-02
4.955222985378340828e-02
5.850149472780222931e-02
6.694468454942771596e-02
7.260762113498045456e-02
7.209209866561064328e-02
6.825658646140446428e-02
