0.000000000000000000e+00
7.983641484748250639e-01
8.426066371784912690e-01
5.310429995666688940e-01
2.835838425652834616e-01
1.138843444928182153e-01
4.027639282850388469e-02
2.452767212098020538e-02
2.901930695887314574e-02
3.328216352553419605e-02
3.549669281961925771e-02
3.626994063946824276e-02
3.515622894236725832e-02
3.424248126641064871e-02
3.717788658120324552e-02
4.517101584194098407e-02
5.364647041566555224e-02
5.843985184092926471e-02
5.615160025668623767e-02
5.215465794637323682e-02
