0.000000000000000000e+00
7.561682809589189702e-01
8.418602701919006837e-01
6.023879845153179424e-01
3.922734450760899660e-01
2.206497676758394644e-01
1.114710106347145679e-01
5.168077458371632404e-02
3.282479243013143588e-02
3.422603514453242263e-02
3.576205190614055451e-02
3.705219665102423704e-02
3.820982750083620066e-02
3.912564189100235096e-02
4.109777516712609380e-02
4.504342843682311581e-02
4.882953366465223044e-02
5.209130844579493852e-02
5.284490315322157988e-02
5.193349443615162542e-02
