0.000000000000000000e+00
7.488358821343724658e-01
7.989793428589896385e-01
5.227102984065055136e-01
3.034468748974211150e-01
1.459569812660151400e-01
5.876090388594888692e-02
2.360411060708084499e-02
2.194081103129312885e-02
2.694891588623431200e-02
3.010369297416049320e-02
3.105572497858537229e-02
3.004381941474630960e-02
2.874489284464907743e-02
2.761328395771593322e-02
2.908656612075987899e-02
3.113473682886511162e-02
3.448471504573095980e-02
3.695179832995083152e-02
3.982377653449781924e-02
