0.000000000000000000e+00
1.513938752012023103e+00
5.490022157185160401e-01
1.231310065851123070e-01
1.320137630369910831e-01
1.067331127766199816e-01
1.124135031880305613e-01
1.623504042450726048e-01
1.510179485771720453e-01
1.600315192225640892e-01
1.660006366668502487e-01
1.642994283930018229e-01
1.483275718526987919e-01
1.292294864658692366e-01
1.367930951917022964e-01
1.423098551281294366e-01
1.370619943747458103e-01
1.396930935350139680e-01
1.529030506848429172e-01
1.456278564489927874e-01
