0.000000000000000000e+00
7.720049717289043656e-01
8.652869601943748989e-01
6.252174504626303309e-01
4.098323641389948757e-01
2.294314666542176251e-01
1.114786931141950599e-01
4.159659212451564253e-02
1.736792409945156837e-02
2.306198194619516958e-02
2.758365203455870676e-02
2.732128056966716748e-02
2.633316532358903964e-02
2.741829097209494415e-02
3.151161606822032446e-02
3.826543197316089467e-02
4.543528912825486876e-02
5.151642650270867041e-02
5.510099520713274829e-02
5.758058956031700260e-02
