0.000000000000000000e+00
7.864760371975849651e-01
7.786468939873841810e-01
4.292287813061034241e-01
1.938837701452719720e-01
6.344784883599914604e-02
1.596691712163045285e-02
1.006197882960678698e-02
1.853041440274800361e-02
2.380280648120225093e-02
2.420132300741926340e-02
2.167658274337838295e-02
2.009344232589586540e-02
1.913765171330856357e-02
1.961217506863595361e-02
2.387908842235385298e-02
2.925776602036100557e-02
3.291685089628525185e-02
3.462603596445903986e-02
3.698189436961296650e-02
