0.000000000000000000e+00
7.905234555013720410e-01
8.984679739000038801e-01
6.688829084006815417e-01
4.561947021558396820e-01
2.706880685426874544e-01
1.444600033063866140e-01
6.893926903607240642e-02
4.111344372473694359e-02
3.779204623605318669e-02
4.035490008597533707e-02
4.126698960811965577e-02
4.193207231268363672e-02
4.474787222769237988e-02
5.041990874850690169e-02
5.944212144969795997e-02
6.790382381751301766e-02
7.357005637468921888e-02
7.313120674790590803e-02
6.937468770493857018e-02
