0.000000000000000000e+00
7.724546631263502494e-01
8.628154699347342360e-01
6.188706923182915043e-01
4.016293615628432345e-01
2.216456750781457541e-01
1.056023839573960316e-01
3.825340724184266017e-02
1.703607923692776471e-02
2.349200230383241897e-02
2.760670917081632647e-02
2.706448333921166946e-02
2.588661069578613097e-02
2.682201618458302655e-02
3.078453751410598072e-02
3.750155028709846461e-02
4.460794940154196725e-02
5.062370023806012087e-02
5.414681442210717011e-02
5.660858085436643733e-02
