0.000000000000000000e+00
7.565844815186457684e-01
8.383505773090637048e-01
5.937934844302551474e-01
3.813150931035778624e-01
2.102435679629518772e-01
1.035031625146993206e-01
4.784385474341111555e-02
3.246435439115821775e-02
3.429450901588922823e-02
3.541767083323490301e-02
3.645925347621960938e-02
3.748639956757497671e-02
3.829090753094407940e-02
4.021547206022935139e-02
4.417224685651982563e-02
4.788727081948805642e-02
5.107585437347795382e-02
5.175353292618339179e-02
5.082076850224715586e-02
