0.000000000000000000e+00
8.212004404642109234e-01
6.915576486516133992e-01
2.569403785819173724e-01
6.650707248896590984e-02
2.507157561261021822e-02
2.768293861550693777e-02
3.004275966275907553e-02
2.908767076451995726e-02
2.903689886143559148e-02
3.082571033759586021e-02
3.000718715603086992e-02
2.814674396895247913e-02
2.745105756935289909e-02
2.658630308575120685e-02
2.594999412096989089e-02
2.549569933983669365e-02
2.628890083593212607e-02
2.620339521047327508e-02
2.488067859994957942e-02
