0.000000000000000000e+00
7.550970030786389176e-01
8.508421611488745651e-01
6.247813747247581428e-01
4.215003713708135313e-01
2.492796240299950117e-01
1.342134966062070167e-01
6.334694111479866052e-02
3.495723055157248099e-02
3.394829273108326134e-02
3.636835790888905129e-02
3.854313517459094507e-02
4.022058299497950629e-02
4.150695030099564586e-02
4.359648704094621491e-02
4.747100200023382510e-02
5.144043883324130040e-02
5.487929548613453695e-02
5.587157101451301761e-02
5.507689535604786552e-02
