0.000000000000000000e+00
9.361449992650152652e-01
5.345499994220317408e-01
7.015666117060616325e-02
1.340176976239376531e-02
1.645790733053235574e-02
1.366442447619528426e-02
1.560623611207976810e-02
1.966508822738522594e-02
2.419359536475381572e-02
2.285192654565252821e-02
2.426041799932422346e-02
2.584344402892565368e-02
2.360911503636970929e-02
2.066108736636909637e-02
2.217094493329435645e-02
2.479856133167972904e-02
2.521708776657067760e-02
2.300450944251949265e-02
2.324958404736348141e-02
