0.000000000000000000e+00
7.668403442217148758e-01
8.918165553586143712e-01
6.968739920379605213e-01
5.083177478078696465e-01
3.315289104275413457e-01
1.975522494016027364e-01
1.016501128334537790e-01
4.304673734572404126e-02
2.042620209976458295e-02
2.483865130762230936e-02
2.956963397555528728e-02
3.294123772723640126e-02
3.721981876601826444e-02
4.315217716026268496e-02
5.041402520557913131e-02
5.778664142325652675e-02
6.442463382305062269e-02
6.862598338726005887e-02
7.132295181003028839e-02
