0.000000000000000000e+00
7.435685743392939084e-01
8.344982362874611148e-01
6.063691036335370210e-01
4.031637025051736378e-01
2.327526529842618430e-01
1.192289531645611134e-01
4.767439512689995024e-02
2.409904137081423162e-02
2.711203566568349405e-02
3.309124424415228749e-02
3.712389136586878580e-02
3.804242948290966625e-02
3.779278245931570746e-02
3.675074425031912145e-02
3.765254567431684796e-02
3.988623663106511535e-02
4.430661148861154280e-02
4.727723924684446716e-02
5.041580167886099140e-02
