0.000000000000000000e+00
7.709158057158084221e-01
7.399377384850021055e-01
3.799340803134336753e-01
1.521560773716873205e-01
4.496270128301586150e-02
2.297669120731867312e-02
2.276681397882757488e-02
2.399435660236759124e-02
2.462007107996659269e-02
2.426779315660354888e-02
2.488938446065845286e-02
2.531141052209356229e-02
2.480574461018308918e-02
2.580887531264153267e-02
2.935478770006907240e-02
3.235873484726780464e-02
3.371936232123839972e-02
3.223741585712698587e-02
3.102972482108429589e-02
