0.000000000000000000e+00
7.737441484814986392e-01
8.555250568304675340e-01
6.004632770306889133e-01
3.783096427633506620e-01
2.001288180306593500e-01
8.993371721519116679e-02
2.993894259677895575e-02
1.647978985518716577e-02
2.440676825269719533e-02
2.752818862095645497e-02
2.633310296027191119e-02
2.471328199913298135e-02
2.525365206657764067e-02
2.888538911553948513e-02
3.547295063444532576e-02
4.238022083269993301e-02
4.819576384261315544e-02
5.153388433149917042e-02
5.397822523552464613e-02
