0.000000000000000000e+00
1.383413023281408138e+00
5.715811565489570256e-01
2.649494741314908572e-02
3.101636797428304615e-02
3.334459202584331983e-02
3.452182580541879320e-02
3.717186331733321469e-02
4.578848534748233140e-02
5.597751849930968082e-02
4.682870088310079476e-02
5.078444241910048257e-02
5.427524223615948912e-02
4.804637993406586649e-02
4.556704729830776679e-02
4.840005940319522942e-02
5.150038527851907855e-02
5.009272462454667646e-02
4.591527050265852006e-02
4.480426152077503915e-02
