0.000000000000000000e+00
7.990964302359666593e-01
6.547356546184549542e-01
2.285192043265620032e-01
5.543369860534294591e-02
2.066306669677107216e-02
1.916549428240051436e-02
1.812099459449802510e-02
1.861039978625698976e-02
1.976428746409258225e-02
1.980783078167288810e-02
2.047864711790015405e-02
2.042545347112605103e-02
1.955778542910942969e-02
2.135854306041818154e-02
2.512035889305793204e-02
2.740666228089336243e-02
2.704277273069474047e-02
2.426038092906572519e-02
2.282748450799560944e-02
