0.000000000000000000e+00
7.767350868098567007e-01
9.046582966129589343e-01
7.071803892959763749e-01
5.144683680181407759e-01
3.316504035395906325e-01
1.907462721047231136e-01
8.849903759169347461e-02
3.217637639280773731e-02
2.625502342355267443e-02
3.821262469249141897e-02
4.445829887072443726e-02
4.415341762945713261e-02
4.166383894263631094e-02
4.181151509201755379e-02
4.656474691925235193e-02
5.385352548221217922e-02
6.240938933978204539e-02
6.891956326294888802e-02
7.479256587889474006e-02
