0.000000000000000000e+00
7.563017527292956732e-01
7.659341733188947954e-01
4.488501008913194368e-01
2.261449796386110211e-01
9.043017533053314405e-02
3.048734313270900359e-02
1.769667053854607694e-02
2.173057846413550820e-02
2.536980893555784711e-02
2.747032140847103024e-02
2.711092607000948826e-02
2.505191236725368489e-02
2.352192508860664888e-02
2.273872821078666909e-02
2.432617587944982049e-02
2.608750655550872918e-02
2.855706988252228878e-02
3.072493801081893627e-02
3.312672214225972911e-02
