0.000000000000000000e+00
7.962684806930228065e-01
8.590862618837065146e-01
5.692602093530589880e-01
3.278173309662327228e-01
1.496138544161612072e-01
5.738067048816157534e-02
2.778352291531260496e-02
2.978540088415499582e-02
3.484090077861471541e-02
3.702173209761421002e-02
3.743875822236623213e-02
3.662122979641366238e-02
3.661368913348595627e-02
4.017261348631041840e-02
4.836435141671856230e-02
5.687350316500096314e-02
6.200465830722975275e-02
6.030319443696625231e-02
5.618353982337654512e-02
