0.000000000000000000e+00
7.853556580673619614e-01
9.225843763858215807e-01
7.386353983128401968e-01
5.583392961928405063e-01
3.848764386295461803e-01
2.488500632758853526e-01
1.471406163541525702e-01
8.308516144228234035e-02
5.295784171180122762e-02
4.603796250563331471e-02
4.464091137524865693e-02
4.710678308278152399e-02
5.315109303010948777e-02
6.175620831829719409e-02
7.167052994979523917e-02
8.051304904322381661e-02
8.629267147178262820e-02
8.669965156556387609e-02
8.482640998798504639e-02
