0.000000000000000000e+00
7.555018251920524452e-01
7.690716629167037022e-01
4.556559391026852035e-01
2.328343591970888637e-01
9.479530287622302265e-02
3.223553631367977873e-02
1.793003782798879842e-02
2.177895262818095590e-02
2.552578067710328455e-02
2.769180197620536854e-02
2.742934558931391098e-02
2.544942792441766410e-02
2.393359550529933211e-02
2.311294535816720702e-02
2.469458765230345826e-02
2.648726223498004337e-02
2.902579147483194330e-02
3.120943128960650126e-02
3.366883911437786731e-02
