0.000000000000000000e+00
7.424632565409156060e-01
8.533375601917103648e-01
6.514085502810461614e-01
4.619794847775262059e-01
2.912612805849157938e-01
1.670399080244931722e-01
8.060843881375705233e-02
3.299651042252484123e-02
2.649309404447320812e-02
3.351342844852522873e-02
4.046693263842403993e-02
4.356992801238419172e-02
4.467436778187275359e-02
4.444632281125442813e-02
4.506242698293139864e-02
4.722393479574478470e-02
5.194072906334226691e-02
5.517723886822462759e-02
5.828045410141979854e-02
