0.000000000000000000e+00
7.916197655306267400e-01
6.681863340048178612e-01
2.607863176876272227e-01
7.770279844142441439e-02
2.213789244334189027e-02
1.288499381402295231e-02
1.534240098188941435e-02
2.011242802759716924e-02
2.252889260329851359e-02
2.288562364743954372e-02
2.109497508043547964e-02
1.847693426230358898e-02
1.630925882310259659e-02
1.582150699784672099e-02
1.763759735478947696e-02
1.857194499169665530e-02
2.024708755540161401e-02
2.205317597981247199e-02
2.330888694214587956e-02
