0.000000000000000000e+00
7.610576313456566266e-01
8.007963950732139846e-01
5.065626641117031426e-01
2.777820556525573137e-01
1.210487470897937262e-01
4.905981980207709675e-02
2.845116540422185439e-02
2.931596371388801511e-02
3.164220706949313899e-02
3.068902372424088532e-02
3.091559964484664677e-02
3.148479032445820197e-02
3.156148554415633828e-02
3.299656645646632802e-02
3.678078698933366641e-02
4.012650800416627667e-02
4.257031200033962320e-02
4.223092465370392040e-02
4.124902888163878290e-02
