0.000000000000000000e+00
1.205665533475421602e+00
5.361976999202153760e-01
2.157669028108906151e-01
2.026505666025242569e-01
1.670197218977522158e-01
1.895229780158209365e-01
1.948966294379241293e-01
1.959329525213123757e-01
2.375611307976968067e-01
2.043567410256056094e-01
1.788748722065422736e-01
2.055294517968084267e-01
2.002361729319003247e-01
1.857739469054458803e-01
1.737758995977466692e-01
1.874827201435171342e-01
2.164800902397869264e-01
1.849992716885984767e-01
1.927528036705645764e-01
