0.000000000000000000e+00
7.927075021057556903e-01
8.560905360668666919e-01
5.731553039867306465e-01
3.409392798129003421e-01
1.664470434878437821e-01
6.534224174347097458e-02
2.618236815459053235e-02
3.093421863069259481e-02
4.249356275983111331e-02
4.345546819500314267e-02
3.585526232495011428e-02
2.754196592870264762e-02
2.207782429028956259e-02
2.072807837243258178e-02
2.409310705138842032e-02
3.084552770228202526e-02
3.924008536318892432e-02
4.621814357929673184e-02
5.369940332300996572e-02
