0.000000000000000000e+00
9.029836681582610325e-01
5.596586854245846343e-01
9.794877744864255442e-02
2.673454834655359519e-02
2.231722554286034652e-02
2.344256169422153160e-02
3.033463649512642066e-02
3.074018855445063633e-02
2.936866237360653831e-02
3.292191138843657272e-02
2.844509298986068122e-02
2.256491540422338529e-02
2.544636803755482776e-02
2.665814919902165583e-02
2.376846242015065794e-02
2.368326452665699133e-02
2.550991806592172242e-02
2.544979634652005246e-02
2.380109873206924520e-02
