0.000000000000000000e+00
7.679470866657085448e-01
7.549481358084519922e-01
4.096789946198173826e-01
1.789808814047806618e-01
5.668107456610579908e-02
2.487005711831280150e-02
2.399324242543604546e-02
2.537255283415639287e-02
2.627244155241794527e-02
2.563717099099845423e-02
2.611300653024410320e-02
2.657803043185583483e-02
2.615122047040358000e-02
2.720012394431774866e-02
3.071010330906975491e-02
3.371165959463987005e-02
3.543345650052734386e-02
3.431728792881388185e-02
3.312234653523115496e-02
