0.000000000000000000e+00
7.692262614023818168e-01
8.797935218318732042e-01
6.636260000331500875e-01
4.612705593664721548e-01
2.807968756845540814e-01
1.527855848103107095e-01
6.813003271264629623e-02
2.561812286082240653e-02
2.063093003762479782e-02
2.667830145051338503e-02
2.878640010309722885e-02
2.960883186237792813e-02
3.194333607805036057e-02
3.685791889929655035e-02
4.387949819623672421e-02
5.124900568499072412e-02
5.767111564120809553e-02
6.160282021739846292e-02
6.421900907630445632e-02
