0.000000000000000000e+00
7.687318301675603038e-01
8.822654101486772094e-01
6.703724533505143190e-01
4.706288561259466818e-01
2.906061373234393175e-01
1.611470775382282394e-01
7.406888654803846228e-02
2.826496392426082471e-02
2.013665028012504715e-02
2.637377228363370352e-02
2.899515855102859432e-02
3.025548763338501909e-02
3.290255094624682658e-02
3.799114654828210369e-02
4.505305493026794117e-02
5.244416312253547680e-02
5.891367094369667073e-02
6.289871550220410557e-02
6.554534740712579521e-02
