0.000000000000000000e+00
3.617446118109379216e-01
1.980278687250923153e-01
2.338033723789872398e-01
2.846249450819354210e-01
2.717327564896787617e-01
2.586843560153292976e-01
2.301937584021474248e-01
2.065193890343316185e-01
2.103539421288455336e-01
1.929473116678283029e-01
2.585533662469315930e-01
2.577176791612623696e-01
2.058367158563776389e-01
1.888256864529042622e-01
2.237574897182909583e-01
2.399476416777454046e-01
2.422177642902274275e-01
2.538004927703189639e-01
2.466212466514917101e-01
