0.000000000000000000e+00
7.963951308035603915e-01
8.422435207485636788e-01
5.400722800116607436e-01
3.044773879878152067e-01
1.390097829703893229e-01
5.143906890478688876e-02
2.420115832825003865e-02
3.251342777817703422e-02
4.275851902423569856e-02
4.235761588612815126e-02
3.364730686333375353e-02
2.538277367706819054e-02
2.076936668142303696e-02
1.942530754406953178e-02
2.160762081334954843e-02
2.785899809050786102e-02
3.595040153249838555e-02
4.307271046890088356e-02
5.055657620072569192e-02
