0.000000000000000000e+00
7.640105054318967470e-01
7.788389444293611907e-01
4.590033247589421217e-01
2.271355373696497537e-01
8.377643400362608239e-02
3.263847627631314557e-02
2.625255842931289996e-02
2.774189716172731357e-02
2.906745007118091348e-02
2.809984638691244430e-02
2.839558057448406114e-02
2.890712692768663064e-02
2.871747644221472884e-02
2.994022766569564425e-02
3.355331123326346643e-02
3.666657691569054356e-02
3.880977116043795444e-02
3.812875757139756044e-02
3.699990121768316487e-02
