0.000000000000000000e+00
8.370684337494237459e-01
6.408353644442459363e-01
1.849712297468832922e-01
3.853349558772127537e-02
2.265371744293339165e-02
2.522029263273910943e-02
2.837028368548091470e-02
2.788933873616072576e-02
2.764696681865419850e-02
3.023901872198719518e-02
2.821103611269725961e-02
2.519019136868294942e-02
2.542426124363963286e-02
2.568079433816742793e-02
2.431957886800076296e-02
2.373454199749394991e-02
2.442784430778220314e-02
2.440778605106528817e-02
2.332698854705494637e-02
