0.000000000000000000e+00
7.686876294151322453e-01
7.241722092187474757e-01
3.628779610095175245e-01
1.494421159171429037e-01
4.729928074439350427e-02
1.706341801234977779e-02
1.616167814697164890e-02
2.091238589892039507e-02
2.358683238601900350e-02
2.488404205360150029e-02
2.372055221373445960e-02
2.119300944302693682e-02
1.948062114413500953e-02
1.881965137328600601e-02
2.043978634627550972e-02
2.194561410007290006e-02
2.390162838183678556e-02
2.578328207173874800e-02
2.752461407072569546e-02
