0.000000000000000000e+00
7.434105047453564152e-01
8.363088123527437912e-01
6.106818499497029817e-01
4.086393643357682515e-01
2.379774515368665022e-01
1.232920623958327633e-01
5.013145827799279225e-02
2.461019890563519857e-02
2.704907759822811064e-02
3.320899482085331450e-02
3.746299502887044663e-02
3.853611527614833610e-02
3.838000827880300864e-02
3.737935283040270951e-02
3.824137728699268657e-02
4.047947530291569340e-02
4.493765547357535944e-02
4.792161224938572966e-02
5.108495540650904998e-02
