0.000000000000000000e+00
7.896498902772576267e-01
9.030918153705980167e-01
6.816504334997790515e-01
4.741007703169966003e-01
2.895905342211517741e-01
1.605782775189264766e-01
7.880762862242192412e-02
4.544349863229387582e-02
3.907957101026087593e-02
4.093953419671326338e-02
4.176317285209657504e-02
4.279351889448879814e-02
4.608044039009454029e-02
5.208925111018584964e-02
6.126911684124125568e-02
6.976389244302699799e-02
7.543403056295430731e-02
7.513805504221046649e-02
7.154225444791581512e-02
