0.000000000000000000e+00
7.837621193068143866e-01
8.851452400609157722e-01
6.495132423969814939e-01
4.344905473821907282e-01
2.484624740280561850e-01
1.201395149596772294e-01
4.461443960608233589e-02
2.462538226965243701e-02
3.697919077753145795e-02
4.407599376841483257e-02
4.149672244636427171e-02
3.542232202124765555e-02
2.981627858260016417e-02
2.919422297568620428e-02
3.366586486062786432e-02
4.089874397888700053e-02
4.973275264057102490e-02
5.642057458931382802e-02
6.302418437814079344e-02
