0.000000000000000000e+00
7.910135523133671187e-01
8.699720717541811199e-01
6.050455024018908112e-01
3.775834702039007618e-01
2.000725296669497166e-01
9.558802293429412289e-02
4.843561224804294324e-02
4.073292203935684891e-02
4.237032460892047048e-02
4.500343923165186361e-02
4.833762377126406967e-02
5.040914737821079045e-02
5.117213539832802388e-02
5.045280687401301756e-02
4.965144871801673021e-02
4.849905846058139708e-02
4.832111147499107418e-02
4.794887295463137744e-02
4.718489278874218873e-02
