0.000000000000000000e+00
8.122120801716405936e-01
7.706659967218079110e-01
3.878037268415794325e-01
1.590597841149704872e-01
5.902550981232111693e-02
3.334508828202109587e-02
2.596350672434999049e-02
2.034082694163830141e-02
1.938599070995754639e-02
2.441053229392569149e-02
2.937592140591950216e-02
2.916506048740957757e-02
2.584652049768853752e-02
2.331667580952058796e-02
2.267853407829254972e-02
2.409644135744907004e-02
2.604785938738652870e-02
2.739393664151494601e-02
3.234455205282385504e-02
