0.000000000000000000e+00
7.643932902320854650e-01
9.055002772086014895e-01
7.356781586552723073e-01
5.660196803266345222e-01
3.983071307456311216e-01
2.616732173296499875e-01
1.553044125343177595e-01
8.021117692972797031e-02
3.419559910936623842e-02
2.383980116537942270e-02
2.986015240363842915e-02
3.707797726966369223e-02
4.544511589297522275e-02
5.327891066961770034e-02
6.110912353053566531e-02
6.849881391749451653e-02
7.511956435243638541e-02
7.924255136725745496e-02
8.195845748449424872e-02
