0.000000000000000000e+00
7.712964534408721651e-01
8.691324128119058967e-01
6.351959452430830932e-01
4.228971601524861290e-01
2.420637238318718021e-01
1.212355669434649480e-01
4.734026119086402057e-02
1.812588858456536806e-02
2.234494919618630615e-02
2.748521966793928198e-02
2.772283213464462118e-02
2.711251105396950828e-02
2.843057049899768568e-02
3.273114442060900270e-02
3.954169396441147705e-02
4.680383876189842668e-02
5.298399662504512525e-02
5.666328635378500844e-02
5.917052174850495616e-02
