0.000000000000000000e+00
7.726404035659787395e-01
9.164324544678503770e-01
7.439228561059241240e-01
5.695874226221246950e-01
3.954743930179502320e-01
2.520855535834999883e-01
1.399217324288068998e-01
6.099791982526304307e-02
2.468125384438539169e-02
2.852799471992753175e-02
4.244636734471908535e-02
4.933893493340933689e-02
5.188085602583464295e-02
5.404252702669266883e-02
5.929952266534291305e-02
6.643524863915031831e-02
7.443202974524266990e-02
8.052319924542936103e-02
8.588624343280920614e-02
