0.000000000000000000e+00
7.976188318353586437e-01
8.239973520357807280e-01
4.989777413285041430e-01
2.564238011103708859e-01
1.029994156227792834e-01
4.702853129966279300e-02
3.918430994566558107e-02
3.804058012106750070e-02
3.766541650066961011e-02
3.800243082351249801e-02
4.017378193393899427e-02
4.100903362486343906e-02
4.098632003455393580e-02
3.930601920600278187e-02
3.851842381741902438e-02
3.806573323256299407e-02
3.851079970154866472e-02
3.814016971936334127e-02
3.694503646633977290e-02
