0.000000000000000000e+00
8.200168230116449131e-01
7.075334027680395543e-01
2.754480637294929868e-01
7.043257899608308670e-02
2.251258923365911241e-02
2.257823217988232795e-02
2.211748922011929838e-02
2.271818017650128682e-02
2.496509782212696579e-02
2.961984311658035288e-02
3.279960802546259130e-02
3.302739048228352930e-02
2.962044077321651300e-02
2.685028485646702434e-02
3.318523099082867217e-02
4.283654159816584206e-02
4.373037659243320802e-02
3.719489684116166622e-02
3.350858763595265105e-02
