0.000000000000000000e+00
7.795602756696532465e-01
8.969564054341178094e-01
6.838058448469072070e-01
4.810531518312901600e-01
2.954678743781216088e-01
1.585834172843188783e-01
6.636885562376212966e-02
2.585101400215079198e-02
3.108269175101514500e-02
4.186840988648377060e-02
4.371919606769508748e-02
4.048616418792623517e-02
3.619217255019006180e-02
3.577260514527516588e-02
4.045351096682524988e-02
4.780560886835483192e-02
5.657258456600425256e-02
6.318756290269372800e-02
6.920325664013289579e-02
