0.000000000000000000e+00
8.371070224355556810e-01
6.784699133369573865e-01
2.403371070879558591e-01
6.858699157977747596e-02
3.036741271719733959e-02
2.879066286284746867e-02
2.189900762419474262e-02
1.782798358305910658e-02
2.031615980754363990e-02
2.781271658868376614e-02
3.024511895962997063e-02
2.802647735292835424e-02
2.505568559352123331e-02
2.091948327566587815e-02
1.959427692359949277e-02
2.095089211152301872e-02
2.384120556962915707e-02
2.527328487467330603e-02
2.926936910979320225e-02
