0.000000000000000000e+00
7.559187480979254747e-01
8.439750217893063899e-01
6.076043761283211886e-01
3.989929718120837077e-01
2.271200398272888443e-01
1.165076476367890163e-01
5.419722212656212512e-02
3.307664900784587636e-02
3.413662902085631140e-02
3.594396439617975753e-02
3.740839205304671150e-02
3.866238102751561045e-02
3.965295673422491313e-02
4.165209622323428479e-02
4.558777243995135176e-02
4.941690651693959879e-02
5.272156854956076139e-02
5.352802770018357664e-02
5.263827184184530217e-02
