0.000000000000000000e+00
7.624669660696511420e-01
7.898551909798682269e-01
4.825863593493175396e-01
2.517398049837901719e-01
1.013354000839493257e-01
4.005938848189793955e-02
2.732554838044404591e-02
2.864173615530884662e-02
3.037727350630184744e-02
2.935146895057453090e-02
2.960381417583358987e-02
3.014017264891900513e-02
3.008033159786435359e-02
3.140185226184377676e-02
3.509782374115019005e-02
3.832759925982615057e-02
4.061905353680413111e-02
4.010302499277570293e-02
3.903556674786522185e-02
