0.000000000000000000e+00
7.461945143437772598e-01
8.140671844369211652e-01
5.578397504664274198e-01
3.437799892219368103e-01
1.791098578093909266e-01
8.011114193969141872e-02
2.959749399419238716e-02
2.152975604530474665e-02
2.733720927764922426e-02
3.143123189970706277e-02
3.338670483489735580e-02
3.306109032381884805e-02
3.209631635924631299e-02
3.088821788932211848e-02
3.211271606398320017e-02
3.426235927191530195e-02
3.810158614981785929e-02
4.080544515979647735e-02
4.380637768927361786e-02
