0.000000000000000000e+00
7.693403012865526192e-01
8.792217571355457340e-01
6.620730368641996044e-01
4.591300762580620143e-01
2.785732097069070767e-01
1.509106552867873763e-01
6.684587379930431728e-02
2.506655408729682386e-02
2.073961258281343048e-02
2.673790822274327642e-02
2.873453254396617779e-02
2.946261428943152891e-02
3.172910352604686735e-02
3.660548809582210572e-02
4.361791468359813712e-02
5.098228974637259575e-02
5.739298508657211806e-02
6.131194660304884608e-02
6.392097894796561208e-02
