0.000000000000000000e+00
7.808774551809395392e-01
8.128622464004650050e-01
5.006053937884860083e-01
2.636643381887671667e-01
1.079177592759153620e-01
3.396623280570239267e-02
1.233137356716669172e-02
1.885290021206074279e-02
2.518617729979371125e-02
2.576641564173408339e-02
2.303649818281461661e-02
2.079178400503027893e-02
2.014122411443313929e-02
2.175545321828784018e-02
2.754880180843694015e-02
3.350996253565395600e-02
3.802672567604748616e-02
4.049052739600239592e-02
4.289034715459260488e-02
