0.000000000000000000e+00
7.997786999989170420e-01
8.284316374780051895e-01
5.088824530706667071e-01
2.722664082645510630e-01
1.169362313600737224e-01
4.182892398076881041e-02
2.307850790408334449e-02
3.316434909445301754e-02
4.245722609385420288e-02
4.117891716191478951e-02
3.194846431165504486e-02
2.385183078736117374e-02
1.994695807084921266e-02
1.869000555198919652e-02
1.992482709766517021e-02
2.555186809179547588e-02
3.332826434517666830e-02
4.069766241815666458e-02
4.794066890303295969e-02
