0.000000000000000000e+00
7.630454480138229023e-01
7.856167149850706855e-01
4.734465178853173861e-01
2.420840565475250172e-01
9.431813334843143493e-02
3.698407836527393272e-02
2.688823743717577708e-02
2.831972628817916796e-02
2.987480919920512332e-02
2.886126693919848635e-02
2.912635265625895462e-02
2.965220817438550885e-02
2.954124759799603081e-02
3.082314972157690000e-02
3.448656254968960472e-02
3.767149288618053260e-02
3.990553759953177626e-02
3.932519502480268103e-02
3.822720836134530648e-02
