0.000000000000000000e+00
7.942919509808510359e-01
8.475900045123727633e-01
5.516501129232316281e-01
3.139474501503700110e-01
1.461432269405808504e-01
6.559903470960247451e-02
4.170194217404953746e-02
3.958669815449552404e-02
3.999178475500209801e-02
4.116553590606794599e-02
4.363047095466642683e-02
4.510787294701284339e-02
4.539894116700805143e-02
4.429108905141038166e-02
4.330351764209658394e-02
4.253106646074369945e-02
4.278773385029636944e-02
4.234638188785335572e-02
4.147638302086693179e-02
