0.000000000000000000e+00
7.916570078176872194e-01
8.598055183338189078e-01
5.823732375142123274e-01
3.515287092112722722e-01
1.748963029872099284e-01
7.033281632408476536e-02
2.731263202590193673e-02
3.034934512918344846e-02
4.225896582771563464e-02
4.371570879322820430e-02
3.651425062553150663e-02
2.822053077056744380e-02
2.259233117210224934e-02
2.123537361789621866e-02
2.494257494656047444e-02
3.178722664400168013e-02
4.027063410128850496e-02
4.719767558909011146e-02
5.463761984409076095e-02
