0.000000000000000000e+00
9.986638137851659991e-01
5.701100111232201284e-01
7.548051444180453595e-02
1.661881789953735533e-02
2.088610358971310782e-02
1.723409677771559068e-02
2.177181134210410055e-02
2.645403194017385481e-02
2.680465656670462035e-02
2.665751317337091905e-02
2.545606884504418577e-02
2.121489408840295660e-02
1.738536000690798014e-02
1.795989441173928211e-02
1.968466793565092077e-02
1.930556470557297580e-02
1.998300594166944541e-02
2.340337587695402385e-02
2.333548061202786808e-02
