0.000000000000000000e+00
8.160295146891552998e-01
7.265562927694988460e-01
3.057102155353704220e-01
8.474552169029159199e-02
2.145625527637183561e-02
2.146919568279027912e-02
2.231547172639582882e-02
2.299687939376590315e-02
2.531039750552493278e-02
2.985648156647635956e-02
3.301159585534523683e-02
3.295575476277978755e-02
2.953339463342732549e-02
2.729944297039570492e-02
3.401182137451265464e-02
4.364794531935366900e-02
4.480996311715801372e-02
3.883377150288465363e-02
3.504605612973532569e-02
