0.000000000000000000e+00
7.696320848093817224e-01
8.777549642255964013e-01
6.581027118894726691e-01
4.536811371574131502e-01
2.729460229562890583e-01
1.461997156836968847e-01
6.364381589724064925e-02
2.369765939410145919e-02
2.099912293094854249e-02
2.687558911522155633e-02
2.859682667707802786e-02
2.909354427426134870e-02
3.119209553761259981e-02
3.597363705818616697e-02
4.296298776392355051e-02
5.031398410323598136e-02
5.669452953319482208e-02
6.058026082346067848e-02
6.317085373911858481e-02
