0.000000000000000000e+00
7.994168845623566000e-01
8.112111524993851353e-01
4.717829313079317521e-01
2.287027268285359849e-01
8.446216475022881587e-02
4.062680196818451578e-02
3.809661204916799798e-02
3.713723174789462789e-02
3.646074284211763689e-02
3.657818728114127504e-02
3.866584011228266227e-02
3.915744625096385240e-02
3.898292200020701814e-02
3.702046554329271877e-02
3.635834803089881689e-02
3.607518164609484906e-02
3.662229020539495977e-02
3.630371270342305084e-02
3.494664478163257704e-02
