0.000000000000000000e+00
7.432259731248099799e-01
8.386408162585808901e-01
6.162381889595888174e-01
4.157425383860747781e-01
2.448233942490161963e-01
1.286787068861768857e-01
5.366986689478618622e-02
2.543789558348075533e-02
2.696885002759347172e-02
3.333976702109593682e-02
3.789674762923960633e-02
3.918375622415274512e-02
3.915847656534161836e-02
3.824051618857660095e-02
3.904939016579632438e-02
4.126713808991016447e-02
4.577307143201423539e-02
4.877213681491365110e-02
5.196573962214976611e-02
