0.000000000000000000e+00
7.959888421658030122e-01
7.252046288468519952e-01
3.313015686125590498e-01
1.146562971648711349e-01
2.607269278807253926e-02
8.256335516384074452e-03
1.108333564224928472e-02
1.736212126208081311e-02
2.177157763394965695e-02
2.221552719327958211e-02
2.079233431482451974e-02
1.987760860615145689e-02
1.844644262181949559e-02
1.813514738992924244e-02
2.053549121395851704e-02
2.518454980874608451e-02
2.753193014998862181e-02
2.820695953400586403e-02
3.074397605350077251e-02
