0.000000000000000000e+00
1.205020426988236526e+00
5.646974556738151296e-01
5.769109903846710019e-02
4.426994866191041184e-02
4.449802506452672779e-02
3.437870321782246497e-02
4.270607357900969847e-02
5.214518315400756138e-02
5.009722006995034893e-02
4.435490892744671509e-02
4.484180493599172757e-02
4.280782607337806772e-02
3.588018108846562776e-02
3.701405222074339446e-02
3.953001220357323792e-02
3.731758261719005099e-02
4.085747845411550477e-02
4.734168379205315469e-02
4.662961166466618457e-02
