0.000000000000000000e+00
7.905092253948986514e-01
8.731363109680904122e-01
6.129338126404625386e-01
3.874542767796662623e-01
2.090022753386775456e-01
1.017996860697518297e-01
5.074616671951830832e-02
4.089585631578596114e-02
4.273800388604938327e-02
4.561819674277343278e-02
4.910352600724089689e-02
5.127332915088782250e-02
5.213334717928624212e-02
5.148725512202752957e-02
5.074316518637521367e-02
4.953278250923049547e-02
4.926768701907160986e-02
4.891823079338710606e-02
4.813466323687949633e-02
