0.000000000000000000e+00
7.653410812758575377e-01
8.998376992913853512e-01
7.195566836749134332e-01
5.417066318378636058e-01
3.695923137274813031e-01
2.334324637423136894e-01
1.310237859608059940e-01
6.245142488416181858e-02
2.646921183873391509e-02
2.375366748420932456e-02
2.966280809985030395e-02
3.536667953177517754e-02
4.174410528187314645e-02
4.865266270845453739e-02
5.622951450666874296e-02
6.359463915222406116e-02
7.023523087617963845e-02
7.442899790709608943e-02
7.714970893247867501e-02
