0.000000000000000000e+00
7.911502207911387252e-01
8.615638551695395941e-01
5.867895690111590845e-01
3.566699018478717842e-01
1.790761760889117427e-01
7.285584511651221895e-02
2.788074458406310588e-02
3.002496285629159892e-02
4.211476105800165959e-02
4.383021513196215524e-02
3.683426186823205578e-02
2.855493438726907154e-02
2.284888928128381638e-02
2.154097264043269150e-02
2.537248097643258343e-02
3.225853250882418366e-02
4.078246707595904741e-02
4.769718847026261505e-02
5.509755353870441491e-02
