0.000000000000000000e+00
7.741793883704881640e-01
8.530141277725100668e-01
5.942235950625518459e-01
3.705613682184663582e-01
1.931821420255659671e-01
8.507134711625627399e-02
2.757928230538659806e-02
1.649285818077805138e-02
2.463249476482197442e-02
2.746062297146830214e-02
2.608872172536898584e-02
2.434308445485857536e-02
2.476845312073583036e-02
2.829823630621712549e-02
3.483639047540146305e-02
4.167845068974312256e-02
4.742228911583860201e-02
5.069506122401328668e-02
5.314544708725509048e-02
