0.000000000000000000e+00
7.972441319284538919e-01
8.266525472395495067e-01
5.047432252308432510e-01
2.624736494178360191e-01
1.072791390927726046e-01
4.859345216080245694e-02
3.941431805657847481e-02
3.821808042814496542e-02
3.792307046895496830e-02
3.831733230661483330e-02
4.050832834385253295e-02
4.141957589369411191e-02
4.143030910919383997e-02
3.981327963086052357e-02
3.899918192599089589e-02
3.851317447503917191e-02
3.893753718149187831e-02
3.855388104578793412e-02
3.739835952712754902e-02
