0.000000000000000000e+00
7.738778473560878890e-01
9.127555219737921721e-01
7.323354627730205291e-01
5.518732094809908340e-01
3.744315405468828795e-01
2.312654561370686146e-01
1.218747622244117090e-01
4.892525125962270821e-02
2.335972142744983937e-02
3.173918075820680168e-02
4.368958641831277578e-02
4.789805991392651063e-02
4.850964152052197886e-02
4.981392628610274709e-02
5.475633924898886534e-02
6.194695657796818467e-02
7.018233986529209822e-02
7.646244916489858268e-02
8.205138467961192728e-02
