0.000000000000000000e+00
7.668006788121133344e-01
8.920207496996839236e-01
6.974475048653049347e-01
5.091494980150161886e-01
3.324569797918803804e-01
1.984047724808678803e-01
1.023273532994533747e-01
4.344705737759836650e-02
2.051524123921815920e-02
2.480256081855627265e-02
2.957601398124952430e-02
3.300088359511239161e-02
3.732543122733089636e-02
4.327953113567734045e-02
5.054510633009989123e-02
5.791511338013361626e-02
6.455570716346174798e-02
6.876130123397476701e-02
7.145924139669145025e-02
