0.000000000000000000e+00
7.616017228493153768e-01
7.964701842746501059e-01
4.970159964663591889e-01
2.672906737514935682e-01
1.129712197690186937e-01
4.531495765704832840e-02
2.800932816326179298e-02
2.907074099060937000e-02
3.115041232905230162e-02
3.014124105444858717e-02
3.038284802427425671e-02
3.093774776446116953e-02
3.095962651533751275e-02
3.234817270034785058e-02
3.609692973358668427e-02
3.939645530324707018e-02
4.177902243112807668e-02
4.136632807930827604e-02
4.035145593716234214e-02
