0.000000000000000000e+00
7.658312844326475854e-01
8.971318560311917212e-01
7.118725885856524993e-01
5.302828614457841816e-01
3.563843335552767111e-01
2.207728172565992242e-01
1.204614579035170191e-01
5.517877558318626252e-02
2.394784950080990418e-02
2.408326859366550013e-02
2.962169715386562402e-02
3.452143653267665535e-02
4.012618403121696181e-02
4.666972284216780453e-02
5.411762497949085954e-02
6.148869263735259189e-02
6.814657103178901887e-02
7.235263442474772211e-02
7.506930948632122014e-02
