0.000000000000000000e+00
7.720365151409598337e-01
9.182590660133447269e-01
7.497226853436609328e-01
5.785698488650987681e-01
4.063318578227601008e-01
2.630433929053210829e-01
1.496321913389703495e-01
6.835868308473981581e-02
2.635113345182826458e-02
2.698018177199608056e-02
4.153765270648573232e-02
4.994428010213205343e-02
5.360065950249374295e-02
5.630653671905478524e-02
6.176944881326452280e-02
6.886238608984786291e-02
7.672721100688059681e-02
8.270484243464149010e-02
8.793433780509173070e-02
