0.000000000000000000e+00
7.905798352347528368e-01
8.981585383731467420e-01
6.680382369444597401e-01
4.550225506166058476e-01
2.694679996113312770e-01
1.434375287513242059e-01
6.833489907114112527e-02
4.086074957039571159e-02
3.772932103280500493e-02
4.032465262380261622e-02
4.123614169379800215e-02
4.187668371629262726e-02
4.466205023845937899e-02
5.031235198882153675e-02
5.932542151409361114e-02
6.778477332747433193e-02
7.345082040127821899e-02
7.300261647829869860e-02
6.923612751697884315e-02
