0.000000000000000000e+00
8.028700664625824102e-01
8.149541426160513691e-01
4.799561201070728367e-01
2.441736783640146013e-01
9.934390258730670109e-02
3.485498742590968646e-02
2.208808199509698991e-02
3.323872102480771723e-02
4.190454303862360674e-02
4.003543077308287929e-02
3.062987816823191378e-02
2.291020604999133639e-02
1.949000715497776343e-02
1.833183282187711427e-02
1.873446186857932391e-02
2.380846044082587931e-02
3.123658551950614717e-02
3.884324398182096433e-02
4.578253498348709011e-02
