0.000000000000000000e+00
7.644369878039474209e-01
9.052264102009025537e-01
7.348965432510711215e-01
5.648298359864161178e-01
3.968826544918451216e-01
2.602493527600626688e-01
1.540571915766086875e-01
7.926333380229774739e-02
3.372912771015190714e-02
2.381217627153346672e-02
2.985021380037471486e-02
3.699785660447599961e-02
4.526123219488326771e-02
5.304328125034903085e-02
6.085727180080741094e-02
6.824387359321532065e-02
7.486406014540175624e-02
7.899357263780819316e-02
8.170999677775706016e-02
