0.000000000000000000e+00
7.915070377009977287e-01
8.928505672214815947e-01
6.537379009037773692e-01
4.354078652421459750e-01
2.493611759142409234e-01
1.268951559494466974e-01
5.905105265541193971e-02
3.736988116842598212e-02
3.702210792198529915e-02
3.997819548859966182e-02
4.070069684573952157e-02
4.096666675218484099e-02
4.325731265286444222e-02
4.855574340521824628e-02
5.742350481710559867e-02
6.584681873510861427e-02
7.150046951976987697e-02
7.089538157502105198e-02
6.697327992810912789e-02
