0.000000000000000000e+00
7.778360948058410385e-01
9.016516933328320160e-01
6.979736015004124328e-01
5.011451393796330089e-01
3.169836133773046849e-01
1.774616367041628173e-01
7.889514796781857409e-02
2.867396505308748497e-02
2.809335435524006747e-02
3.993924156605706960e-02
4.428954616871699779e-02
4.270485904416940898e-02
3.939064971115065206e-02
3.926922008341734299e-02
4.399933538234872960e-02
5.132318114566039591e-02
5.998194987347670037e-02
6.652176662311648503e-02
7.244723922518500614e-02
