0.000000000000000000e+00
7.828881042528469392e-01
8.876823220879573872e-01
6.567033549285493654e-01
4.440101251939010396e-01
2.577407137292642703e-01
1.273512884973501680e-01
4.809125165086583498e-02
2.421859964834679677e-02
3.582832850631880589e-02
4.382343884719211435e-02
4.201507269871891659e-02
3.643302007941324333e-02
3.100834029673734532e-02
3.040382718763414913e-02
3.492023154784404393e-02
4.217538890778201044e-02
5.101406868880688922e-02
5.770562676200548941e-02
6.417770224018125302e-02
