0.000000000000000000e+00
8.089178436492616697e-01
7.494396482585753416e-01
3.524927951077305721e-01
1.235478258851307465e-01
3.799359731822383318e-02
3.162757083477963499e-02
3.336733432873906918e-02
3.237584775959874428e-02
3.204779823915143711e-02
3.233550489582162624e-02
3.327992151561264683e-02
3.248419500589071890e-02
3.162998763570223221e-02
2.945643621374793852e-02
2.907601601010930542e-02
2.915737300174701258e-02
3.009850197676146311e-02
2.980390636031466159e-02
2.834183021082459925e-02
