0.000000000000000000e+00
1.626257422777250605e+00
6.261504455043795936e-01
1.588603082784337261e-01
1.992219122667660269e-01
1.824075433885680164e-01
1.699607118214257750e-01
1.715428058841702297e-01
1.535395880773933464e-01
1.599235700326399612e-01
1.504040297834105255e-01
1.833487037350564064e-01
1.717110038013126005e-01
1.515437171062709309e-01
1.418953589163640672e-01
1.610113438489045590e-01
1.575095633906977155e-01
1.617104510024146014e-01
1.868662512584400026e-01
1.861840346521483613e-01
