0.000000000000000000e+00
7.438758980253775688e-01
8.313584310570547586e-01
5.988865070910810440e-01
3.937390827572836427e-01
2.238684769490051629e-01
1.124184347939124473e-01
4.382419981318578378e-02
2.345748745223362117e-02
2.721636264735197500e-02
3.285631157356481979e-02
3.653371573191715321e-02
3.720636082588962140e-02
3.680891863330530006e-02
3.572303975358645522e-02
3.668039655455270637e-02
3.889429928367964251e-02
4.324216324579571030e-02
4.618828001334606553e-02
4.929712932913495743e-02
