0.000000000000000000e+00
7.424346902164083994e-01
8.544131399727921128e-01
6.539896667178755063e-01
4.654572529314232043e-01
2.948815288039408067e-01
1.701569495228683337e-01
8.293461593759331174e-02
3.381961289223202327e-02
2.653951397997243722e-02
3.349492516589716584e-02
4.063560578552079250e-02
4.390903430070589031e-02
4.512487799273850325e-02
4.495804284142846524e-02
4.557306876954759361e-02
4.772936216377015456e-02
5.245796386586639576e-02
5.570639066756468555e-02
5.880041753346968575e-02
