0.000000000000000000e+00
8.010753227607791960e-01
8.216001438921234357e-01
4.847102838066370545e-01
2.336016417757043051e-01
7.736434587128199203e-02
2.553127903962515433e-02
2.276041181900816807e-02
2.768312469768268932e-02
3.137440884685810394e-02
3.383646596029743492e-02
3.532695422677165076e-02
3.425510251173428250e-02
3.217625987651284714e-02
3.397896600309370518e-02
4.182011740545066997e-02
5.019443100585679191e-02
5.451859317636674473e-02
5.161211125261335603e-02
4.775395996135828325e-02
