0.000000000000000000e+00
7.908434154601406973e-01
8.710482917679450710e-01
6.077183381463113765e-01
3.809145440063262389e-01
2.030697822468888469e-01
9.765563705570728947e-02
4.918368986216218458e-02
4.077076106878600031e-02
4.249393307553706034e-02
4.520859390893176843e-02
4.859529742900282889e-02
5.069927643380303661e-02
5.149478214760673522e-02
5.079851874429520964e-02
5.001679745511047881e-02
4.884521525242370432e-02
4.863849869110491164e-02
4.827249516461631917e-02
4.750311482151661768e-02
