0.000000000000000000e+00
7.925289088371523238e-01
8.567290204810944498e-01
5.747287925233078854e-01
3.427334269338218609e-01
1.678634015795694434e-01
6.616840998191511614e-02
2.637014697218030210e-02
3.084280671905748408e-02
4.245949477142715867e-02
4.350170164573177733e-02
3.596678663812536564e-02
2.765596996738102151e-02
2.216303345768025346e-02
2.080798513083668977e-02
2.423416862849069042e-02
3.100249392577009502e-02
3.941244207688168050e-02
4.638250815985365400e-02
5.385749321756890667e-02
