0.000000000000000000e+00
7.902231212391055415e-01
8.748952980040117788e-01
6.173591705842019772e-01
3.930454302356405361e-01
2.141251317334144921e-01
1.054195612058248660e-01
5.219852846202299029e-02
4.107254677325559294e-02
4.293695073861784200e-02
4.596454691189715003e-02
4.954053030251230616e-02
5.176902352601692875e-02
5.268473602836445946e-02
5.209762316949941713e-02
5.137759533220505326e-02
5.013495819941644199e-02
4.981789135957098019e-02
4.947632037666890165e-02
4.867930055074684570e-02
