0.000000000000000000e+00
8.354500447708411714e-01
6.450579591699365789e-01
1.905632865941004894e-01
4.042407117326599075e-02
2.274683817396021962e-02
2.539937473001055088e-02
2.847650747896988271e-02
2.790842231965297987e-02
2.770491337651343616e-02
3.024180554650993460e-02
2.831868033124409698e-02
2.541037431419005191e-02
2.555015199723267849e-02
2.570700625578722920e-02
2.442852643612825753e-02
2.383508393790105193e-02
2.451617575499675031e-02
2.450517592396685498e-02
2.339957045513699208e-02
