0.000000000000000000e+00
7.977718404082866366e-01
8.229108014966581841e-01
4.966303714476255071e-01
2.539779137192645919e-01
1.012866659060592534e-01
4.641496044706145546e-02
3.909033654585650913e-02
3.796679690516378824e-02
3.756034213974476094e-02
3.787516138683498512e-02
4.003908772128204896e-02
4.084373564756492436e-02
4.080756975982718221e-02
3.910189225991179268e-02
3.832508016546505580e-02
3.788581285201932103e-02
3.833892690025627464e-02
3.797292009260579831e-02
3.676205199409187524e-02
