0.000000000000000000e+00
7.794760766117388995e-01
8.971858601148996470e-01
6.844920605018878224e-01
4.820149119578076014e-01
2.964811749684825859e-01
1.594557789065142173e-01
6.693775954639534509e-02
2.594983241338184865e-02
3.094477800148687230e-02
4.179227363450681992e-02
4.375366492036091709e-02
4.059265432090265746e-02
3.633968807597751094e-02
3.593182903353235591e-02
4.061492073066615138e-02
4.796627359952091579e-02
5.672932354848542885e-02
6.334058970385435250e-02
6.934434344542887707e-02
