0.000000000000000000e+00
7.599611987543397618e-01
8.098360890940867751e-01
5.268134816016483146e-01
3.005825943825283231e-01
1.392320729826020120e-01
5.776162405562709767e-02
3.025248021484671160e-02
2.997908237306447926e-02
3.260677105097614659e-02
3.185025329856400883e-02
3.208777190166803989e-02
3.270351565741513866e-02
3.290292630951425351e-02
3.443862587604577113e-02
3.829231825170578696e-02
4.173528029469850825e-02
4.431533689908150053e-02
4.421096948316305397e-02
4.323709883310604407e-02
