0.000000000000000000e+00
7.426647951609978149e-01
8.480876270284222196e-01
6.388029696118280309e-01
4.451513829309868830e-01
2.739852539774387807e-01
1.524050124802721062e-01
6.992363992304753695e-02
2.949510407291382197e-02
2.648177138136449324e-02
3.356692285575230139e-02
3.958852335467921008e-02
4.193662236787786685e-02
4.257084874522593793e-02
4.206130211566382754e-02
4.271331190382481741e-02
4.489652131636659438e-02
4.956595978183312573e-02
5.271985942129391034e-02
5.585546742656750246e-02
