0.000000000000000000e+00
7.721461107851046446e-01
9.179266920218525083e-01
7.486645816093597805e-01
5.769250796014027127e-01
4.043341720362357838e-01
2.610163010239817116e-01
1.478251452046609460e-01
6.695580056614200415e-02
2.596260565488100330e-02
2.721518359646230012e-02
4.171908660680478942e-02
4.984042022974317226e-02
5.328549436810990636e-02
5.588717133092183792e-02
6.131010046728400248e-02
6.841050716204984117e-02
7.630014600738833919e-02
8.229951087917942998e-02
8.755442427326728949e-02
