0.000000000000000000e+00
8.009334936176508712e-01
8.226774064320068192e-01
4.870245594353516116e-01
2.360035756086916459e-01
7.902297507327331327e-02
2.607727447327928480e-02
2.276589864008311120e-02
2.775839713495562022e-02
3.147047057951948140e-02
3.390506440645478514e-02
3.537487097334879316e-02
3.429654833714883971e-02
3.225763460287271039e-02
3.412873938235518739e-02
4.197653412969386960e-02
5.035673157100951230e-02
5.470533317729747019e-02
5.182921003100767615e-02
4.796260234843418430e-02
