0.000000000000000000e+00
1.033834709745071745e+00
5.379086349524870858e-01
6.488704163414753257e-02
3.327220000135373140e-02
2.703767947606874542e-02
2.848134756094446857e-02
3.780346015879743060e-02
3.825856767993492114e-02
3.647092239621105292e-02
4.045262112158530543e-02
3.514960762378974146e-02
2.622355172157425293e-02
3.175213229760005806e-02
3.200245285059889061e-02
2.860517679648318448e-02
2.835167150922847379e-02
3.058825548718886733e-02
3.062926654772477747e-02
2.866791682921058029e-02
