0.000000000000000000e+00
7.561319973895693769e-01
8.421678930102513005e-01
6.031448843924408498e-01
3.932452076665532981e-01
2.215812966914955939e-01
1.121922959059700603e-01
5.203121020616029851e-02
3.285547138020956937e-02
3.421540342373172172e-02
3.578979578250161830e-02
3.710409616376740549e-02
3.827486518887798783e-02
3.920116307566307717e-02
4.117730033027346137e-02
4.512166681385013783e-02
4.891402518809502553e-02
5.218209128339412056e-02
5.294328448501262746e-02
5.203485187121952016e-02
