0.000000000000000000e+00
7.908188922891911110e-01
8.627018059866257138e-01
5.896662948614576072e-01
3.600424931114102334e-01
1.818456583538752003e-01
7.454687875452031820e-02
2.826043181384965686e-02
2.979722373131368091e-02
4.200878511402138943e-02
4.390071323768174327e-02
3.704396422977648817e-02
2.877607132414718855e-02
2.303279369916806305e-02
2.176818269953450374e-02
2.567071602613705747e-02
3.257683629172537787e-02
4.112237717166401102e-02
4.803109115098880277e-02
5.540568882063857947e-02
