0.000000000000000000e+00
7.995055832288937570e-01
8.105834618734748531e-01
4.704714602724301420e-01
2.274001854962782176e-01
8.368842251455792247e-02
4.039570855139571620e-02
3.804681264620661529e-02
3.709117582546540837e-02
3.640547782098629143e-02
3.651432037195497665e-02
3.859594504488675359e-02
3.907153452628037843e-02
3.888987936625908776e-02
3.691437841644621548e-02
3.625837710821892129e-02
3.598480220652729156e-02
3.653923227143050789e-02
3.621911474118656021e-02
3.485555045707346145e-02
