0.000000000000000000e+00
7.825721198750628105e-01
8.885873545721125755e-01
6.592915776478597278e-01
4.474683895932974886e-01
2.611541408174211654e-01
1.300730776600935445e-01
4.944171188086542851e-02
2.418579736885678039e-02
3.539322089706865848e-02
4.371022650722549557e-02
4.219788626898722528e-02
3.680447741315980709e-02
3.145974769748793864e-02
3.086157870119336788e-02
3.539165149795079485e-02
4.265349825773870340e-02
5.149135832846044730e-02
5.818253339466986779e-02
6.461634305375021925e-02
