0.000000000000000000e+00
7.796775617341777931e-01
8.201937311402094366e-01
5.168659683765519652e-01
2.809705712292738244e-01
1.203495204542080199e-01
4.032138079007264314e-02
1.350254172405287653e-02
1.856321350098321527e-02
2.539102720260327795e-02
2.612867049476012490e-02
2.344619042821053170e-02
2.109973907344252220e-02
2.055275067369816827e-02
2.260165973948929583e-02
2.857243463442861800e-02
3.467585803658439908e-02
3.941614997829522710e-02
4.200356752276877131e-02
4.442415973354307129e-02
