0.000000000000000000e+00
7.205417277483745497e-01
3.372170072113760964e-01
1.559411457086787023e-01
1.369527439941518876e-01
1.054368393294565498e-01
1.609818723260444395e-01
1.446507680134953566e-01
1.525068686437505983e-01
1.706868030796081237e-01
1.471652305211529621e-01
1.678493216826750789e-01
1.767615849877345879e-01
1.430008511087943468e-01
1.454217766363331832e-01
1.546185372361635890e-01
1.559571425513249232e-01
1.540167356276953836e-01
1.731270371387211293e-01
1.608518676618249654e-01
