0.000000000000000000e+00
7.585307017252124195e-01
7.575584786503903878e-01
4.309063519795920949e-01
2.089335249927854465e-01
7.960167039576700188e-02
2.646769016698243340e-02
1.723696385026949468e-02
2.155657112679815884e-02
2.494484017685468999e-02
2.690049748880640398e-02
2.631146149410864415e-02
2.405232988864684091e-02
2.247893522224276089e-02
2.179634689951082810e-02
2.340241865805982660e-02
2.508742715156313599e-02
2.738970029092312533e-02
2.952172993706667775e-02
3.175997763485931269e-02
