0.000000000000000000e+00
7.721997411852630222e-01
7.340374837545642350e-01
3.685046078903478906e-01
1.423014642753084313e-01
4.086080819444665863e-02
2.240215258538632084e-02
2.236601004999283840e-02
2.348070347803349334e-02
2.400409238027161399e-02
2.377078869994250082e-02
2.444621092317526487e-02
2.484669427859366453e-02
2.431326522576492469e-02
2.535779580969873756e-02
2.894175574863107683e-02
3.191508025231833134e-02
3.311084381646573621e-02
3.148935860511441892e-02
3.027297045839013809e-02
