0.000000000000000000e+00
8.031203386738714478e-01
8.062625529897476939e-01
4.524978040168483595e-01
2.012298098402903745e-01
5.873480602336962619e-02
2.072397824188701096e-02
2.270902010012603583e-02
2.662220357225149672e-02
3.003851099447416712e-02
3.299458444889003667e-02
3.467771852744442468e-02
3.381434570854503774e-02
3.123860223705956021e-02
3.203108542654409946e-02
3.978200654818420112e-02
4.829825286017071923e-02
5.218180340816432755e-02
4.872952954664444558e-02
4.497645340732942670e-02
