0.000000000000000000e+00
7.617655098546985970e-01
7.951891886570751078e-01
4.942064784343493389e-01
2.642338508364218685e-01
1.106520160271598635e-01
4.425419490358030450e-02
2.787792735161701702e-02
2.899261075373589860e-02
3.100236751530647400e-02
2.998395633290527190e-02
3.022863476910237282e-02
3.077978424942603985e-02
3.078569849606921371e-02
3.216077763033005354e-02
3.589912908140820147e-02
3.918511123299590199e-02
4.154985057561483286e-02
4.111686369792698359e-02
4.009144148132742780e-02
