0.000000000000000000e+00
9.580081325270971560e-01
5.422908967100323885e-01
7.740115387642304556e-02
2.905272118212514493e-02
2.364644340249782983e-02
2.499308787470343185e-02
3.336250276753732064e-02
3.384140392907171446e-02
3.226897858877652431e-02
3.584289271554442352e-02
3.087405585269887426e-02
2.346664517522862106e-02
2.788130133561400256e-02
2.872444662544140076e-02
2.532729412217496132e-02
2.542480970976089549e-02
2.738001985841431382e-02
2.740904393409719642e-02
2.556237107674038875e-02
