0.000000000000000000e+00
7.836502883552963761e-01
8.854727313742478678e-01
6.504359624033537735e-01
4.357050173894218559e-01
2.496364747724246769e-01
1.210167631155434631e-01
4.503728153113797927e-02
2.453174860485771852e-02
3.684065851620938609e-02
4.404832774390957800e-02
4.156389345046849343e-02
3.555020811897454530e-02
2.996583908290882323e-02
2.934526229087200400e-02
3.382242642301824115e-02
4.105849090617000319e-02
4.989363060319591120e-02
5.658230100726811124e-02
6.316756930424416439e-02
