0.000000000000000000e+00
7.999594791526735138e-01
8.073786491083382311e-01
4.638091310243932508e-01
2.208324546971431879e-01
8.006385582542255297e-02
3.940651904454554877e-02
3.779248137857509071e-02
3.685408165491071975e-02
3.612506377080636211e-02
3.619291443455164431e-02
3.824473130044321600e-02
3.863956178862951174e-02
3.842187036144860401e-02
3.638098850669983786e-02
3.575616483411957897e-02
3.553105706236060757e-02
3.612159575560104641e-02
3.579277953988686117e-02
3.439679802920705270e-02
