0.000000000000000000e+00
7.752027544132547021e-01
8.470447577762608704e-01
5.795793154953321480e-01
3.526823391475308322e-01
1.775400492413409526e-01
7.445035535311655961e-02
2.282685001107254835e-02
1.665085357890818199e-02
2.509824369431367178e-02
2.726682367467127971e-02
2.552760199669383209e-02
2.353690252256101373e-02
2.371365453872183518e-02
2.701009869189818779e-02
3.343387287335102681e-02
4.012619027528721571e-02
4.569414539356821126e-02
4.880919387429060591e-02
5.127485987349781477e-02
