0.000000000000000000e+00
8.120654788766834553e-01
7.476772906903357274e-01
3.414279434080870756e-01
1.063130611329722308e-01
2.328791845595169774e-02
1.992768329665591670e-02
2.249479554551311530e-02
2.347009653418737768e-02
2.588366850784719342e-02
3.053302648523607485e-02
3.322625172927064219e-02
3.302424260964878511e-02
2.967335833959593855e-02
2.795050848154401885e-02
3.506114726162368189e-02
4.460246343401157859e-02
4.622344755224654100e-02
4.088060247512440015e-02
3.705160080649919085e-02
