0.000000000000000000e+00
1.344730152753138119e+00
5.764656697084107329e-01
5.364412804128144280e-02
5.439850758030061184e-02
4.681047203219438485e-02
4.623110014389104905e-02
6.220401846776801164e-02
6.083201868967275106e-02
6.115100753096173319e-02
6.667907940957164270e-02
6.072585573772079637e-02
4.713269065434901040e-02
5.391243353149993006e-02
5.301909928518619419e-02
5.044057787935323639e-02
4.908403013187644798e-02
5.137280402570314208e-02
5.258109525482127650e-02
4.895940257537191587e-02
