0.000000000000000000e+00
7.909282109768335234e-01
8.705129141825763694e-01
6.063874390245809209e-01
3.792541661918500950e-01
2.015737289881293359e-01
9.661879959607275192e-02
4.880677924904690962e-02
4.075225022739365627e-02
4.243013877209644152e-02
4.510392278622215451e-02
4.846675689904067497e-02
5.055447244453197680e-02
5.133374130616412401e-02
5.062592706925633096e-02
4.983435296247199636e-02
4.867233440678643552e-02
4.848004042433728955e-02
4.811097879046203479e-02
4.734432405391069548e-02
