0.000000000000000000e+00
7.869954475886995482e-01
6.775126041207131244e-01
2.769150157016913028e-01
8.758786988334944790e-02
2.475574027727181145e-02
1.313602421042732969e-02
1.544581824761285388e-02
2.023755544991127572e-02
2.260882325545249608e-02
2.311195440742227700e-02
2.133709856529914656e-02
1.870199061908795271e-02
1.672888319430256357e-02
1.617852837812926506e-02
1.795266086853416695e-02
1.901966120953622191e-02
2.072937287371185225e-02
2.250473409041828590e-02
2.385229770904213897e-02
