0.000000000000000000e+00
8.039953048111225797e-01
8.098657145300246496e-01
4.693927651192675299e-01
2.343382366039334641e-01
9.356061788765587806e-02
3.275197935331497501e-02
2.178201312314136801e-02
3.317962545808529617e-02
4.165951867116429730e-02
3.961051277213446103e-02
3.017679755973293534e-02
2.261368493396154547e-02
1.940751762090072580e-02
1.831395389323496256e-02
1.841903377732869232e-02
2.323747549238107390e-02
3.056180233208857094e-02
3.822137269826354072e-02
4.503194076174269617e-02
