0.000000000000000000e+00
7.935713388453842221e-01
8.793274467125774541e-01
6.187425993911926936e-01
3.891624496059249982e-01
2.042867500483863952e-01
9.203299991033421501e-02
4.132814612765470935e-02
3.269917337742896807e-02
3.619806604133905814e-02
3.889598917953729362e-02
3.934620560251736454e-02
3.898474333444167800e-02
4.019110612518958514e-02
4.473004770498872212e-02
5.327778720749048319e-02
6.173223714446595539e-02
6.722172758744479615e-02
6.620474528418029969e-02
6.205368991584647720e-02
