0.000000000000000000e+00
7.668802935207048588e-01
8.916111898361179788e-01
6.962974387839498958e-01
5.074822567199690493e-01
3.305977216857117207e-01
1.966980133924420282e-01
1.009725676282499374e-01
4.264679373196950812e-02
2.033719568315259241e-02
2.487428760526785507e-02
2.956279701358832668e-02
3.288128498125718335e-02
3.711403524730727543e-02
4.302471291771606948e-02
5.028287548776390337e-02
5.765809155969445904e-02
6.429342654112041311e-02
6.849048385023802366e-02
7.118646480327742165e-02
