0.000000000000000000e+00
8.010200139849769085e-01
8.231159650618488088e-01
4.973031114470082281e-01
2.608163524952993306e-01
1.095771723191447250e-01
3.883155957673286446e-02
2.267118952516427796e-02
3.324303407596029825e-02
4.226046175084808426e-02
4.072492957005759834e-02
3.139468118260935192e-02
2.345445380696258714e-02
1.972812156943092379e-02
1.852133123572098639e-02
1.941660331307226012e-02
2.482026521448003203e-02
3.245495279213372192e-02
3.992835876611536272e-02
4.705465951752629133e-02
