0.000000000000000000e+00
7.727592776375644679e-01
9.160747980144271496e-01
7.427911694332129944e-01
5.678440349970048651e-01
3.933818675187091274e-01
2.499905018501755727e-01
1.380815414600994329e-01
5.965245312339663430e-02
2.439896862754603254e-02
2.885207914940721152e-02
4.260021847027805481e-02
4.921123677988779171e-02
5.154780232327188516e-02
5.361068169901705982e-02
5.883110402275257278e-02
6.597562157021912010e-02
7.399699388366612340e-02
8.010876046940998418e-02
8.549626910378226030e-02
