0.000000000000000000e+00
7.527305254891050179e-01
7.805635323353006250e-01
4.809704948584267448e-01
2.584957001091089390e-01
1.123354719265964030e-01
4.017613708393047434e-02
1.928519813741818439e-02
2.186961182829763942e-02
2.606436106453092344e-02
2.853375917844585413e-02
2.868467837080340005e-02
2.702167356324469694e-02
2.556833989820979022e-02
2.460488489848072780e-02
2.617333864462922585e-02
2.807930337885241115e-02
3.088492602315069321e-02
3.314146431684465710e-02
3.580740238739385517e-02
