0.000000000000000000e+00
7.914042202932241032e-01
8.674681036061099304e-01
5.988662409565109757e-01
3.699351747082801900e-01
1.932536828549696051e-01
9.111178126027159874e-02
4.702708306961057849e-02
4.063568741482356805e-02
4.209345752737973095e-02
4.454616253930316488e-02
4.774911158432986608e-02
4.974858758382662977e-02
5.043781633325190861e-02
4.966720257743995059e-02
4.882268667881847074e-02
4.771436331983747864e-02
4.759997601951893031e-02
4.721724813926756609e-02
4.646206942675054630e-02
