0.000000000000000000e+00
7.845549483787199740e-01
9.258764305638996772e-01
7.487436336905133327e-01
5.739950018542128163e-01
4.036801465732699490e-01
2.675250748374838339e-01
1.632764669806235913e-01
9.364785116131645049e-02
5.770468627070441531e-02
4.779132873710790347e-02
4.564093220332920281e-02
4.794679999130196935e-02
5.468128787967570237e-02
6.407222971324512406e-02
7.430041873447995604e-02
8.311946412401678697e-02
8.883432538251259669e-02
8.954588372339580826e-02
8.827629722817489921e-02
