0.000000000000000000e+00
7.919896722934810507e-01
8.636346187709408317e-01
5.895105347555579245e-01
3.584965447935086202e-01
1.832230673179194025e-01
8.499863719597665346e-02
4.538343890694467031e-02
4.046566796723745363e-02
4.165384778687997863e-02
4.385297239299472405e-02
4.687670635286097370e-02
4.877402485024430467e-02
4.935604965332779370e-02
4.851381141655205370e-02
4.760965306291124050e-02
4.656625049208736045e-02
4.654002834025421087e-02
4.615218548301221191e-02
4.540175288883980392e-02
