0.000000000000000000e+00
7.525773635762277314e-01
7.812310613057847908e-01
4.824589525163359705e-01
2.600424794218356150e-01
1.134321327983469768e-01
4.072217718663477537e-02
1.939729065448211193e-02
2.187413995799645725e-02
2.609339990419463906e-02
2.858383667619028567e-02
2.876269123298796221e-02
2.712010800066723404e-02
2.567137890827441912e-02
2.469848128843281712e-02
2.626692390645335787e-02
2.817847298529653488e-02
3.100237396797436359e-02
3.326714891545347330e-02
3.594038645143692728e-02
