0.000000000000000000e+00
7.904926419451278052e-01
8.638134908665924261e-01
5.924908346442903095e-01
3.633720878343011385e-01
1.846011515241108292e-01
7.624448773740845342e-02
2.864076468243468079e-02
2.956042615253466274e-02
4.189498457469249121e-02
4.396652808218345920e-02
3.725072720709386026e-02
2.899577238734827797e-02
2.322175506526981403e-02
2.199951215541913821e-02
2.597124321686222065e-02
3.289675075456929831e-02
4.146124874443010699e-02
4.836325553414966283e-02
5.571398932465687626e-02
