0.000000000000000000e+00
7.896995314805178579e-01
8.664848638180768781e-01
5.993340510539751920e-01
3.715132156929300544e-01
1.914273104225842348e-01
8.053367421801077564e-02
2.974013930985373172e-02
2.899471851425983529e-02
4.157642113678636231e-02
4.411059978695955341e-02
3.775481770248481639e-02
2.953882075320235501e-02
2.369430597961550214e-02
2.261336142491419260e-02
2.672538321892590357e-02
3.369640923526713572e-02
4.230400551947069432e-02
4.918659740392253288e-02
5.647449136423098037e-02
