0.000000000000000000e+00
7.768665889433907790e-01
9.042990052806713086e-01
7.060744731468824309e-01
5.128569038693483462e-01
3.298597832244543060e-01
1.891069390069454736e-01
8.722765441854420099e-02
3.169291018233851009e-02
2.645072309627856735e-02
3.844253966850175175e-02
4.444826168903476260e-02
4.398002689339929050e-02
4.138210477443436675e-02
4.149377952091876792e-02
4.624493411896679618e-02
5.353789453296321083e-02
6.210692005122909337e-02
6.862126740143911774e-02
7.450236994811830493e-02
