0.000000000000000000e+00
7.467547696692949932e-01
8.105981986087849034e-01
5.496973428473554968e-01
3.342301579299122860e-01
1.710124540968800677e-01
7.465013828275833541e-02
2.780040064279218001e-02
2.157897180337943477e-02
2.729420015296873947e-02
3.113163713226455367e-02
3.281618629845990676e-02
3.231808968305810437e-02
3.127024664490455491e-02
3.007583076909658634e-02
3.135322874641070096e-02
3.347639733235779902e-02
3.720420129748525789e-02
3.984658769477011225e-02
4.282754664931065491e-02
