0.000000000000000000e+00
7.882642589159281066e-01
7.679764097903382103e-01
4.084130654771523927e-01
1.754405434293248300e-01
5.327618934722131577e-02
1.341215101669076919e-02
1.038073494063006946e-02
1.822513315795259645e-02
2.337161500558858351e-02
2.375948155522231153e-02
2.144081711211266381e-02
2.001138737274214471e-02
1.895211456601974057e-02
1.917659688942333768e-02
2.300259066924541934e-02
2.821604225973951482e-02
3.162468925549917487e-02
3.312576600817261629e-02
3.551390473966458544e-02
