0.000000000000000000e+00
7.720787141242864138e-01
8.648841485181064659e-01
6.241792371906301762e-01
4.084847385274777976e-01
2.281446184754546969e-01
1.105001616136327830e-01
4.103567334092605989e-02
1.731361953595020667e-02
2.313679930501141499e-02
2.758941175443357235e-02
2.727929235821321269e-02
2.625585331956192467e-02
2.731744656509380378e-02
3.138955094799265183e-02
3.813741050032956603e-02
4.529773926513566001e-02
5.136828933465247687e-02
5.494286577294703322e-02
5.741956641169305292e-02
