0.000000000000000000e+00
8.264015181721143799e-01
6.725053789966609630e-01
2.286814193069527379e-01
5.440010901245821706e-02
2.387037289567104162e-02
2.667227919156317517e-02
2.929730272004449354e-02
2.844894416094891076e-02
2.820234366265487319e-02
3.053487339762358393e-02
2.923809754267014602e-02
2.696018937130313306e-02
2.656945701623898703e-02
2.605703175881405112e-02
2.523674583758870466e-02
2.467180722896882700e-02
2.542591114961951365e-02
2.541592856488250965e-02
2.412992311337478629e-02
