0.000000000000000000e+00
7.740908918181246268e-01
8.535258317064432498e-01
5.954913886478383489e-01
3.721294090441392699e-01
1.945798264496799157e-01
8.604257574668022768e-02
2.804524057136054821e-02
1.648252485488260408e-02
2.458340014340399879e-02
2.747575296529811140e-02
2.613815276568086030e-02
2.441724625769739823e-02
2.486551697020898677e-02
2.841560866323051757e-02
3.496376560543591749e-02
4.181899148551038170e-02
4.757755986317720870e-02
5.086370737262543851e-02
5.331262591864172062e-02
