0.000000000000000000e+00
8.373759417482391498e-01
6.444130563920810184e-01
1.875104252157838991e-01
3.822636555941092557e-02
2.677049613737791239e-02
2.460384257666662494e-02
2.193650644670953540e-02
2.303662637538458555e-02
2.517732371044979767e-02
2.937874533054065512e-02
3.210652689259513998e-02
3.336680585310870112e-02
3.064180499994037868e-02
2.647174859978567232e-02
3.141111464852640311e-02
4.063402321652893195e-02
4.097224389949549045e-02
3.317087063687773618e-02
2.979970506125576707e-02
