0.000000000000000000e+00
8.242014496490803754e-01
7.162542231299324769e-01
3.027743155756314475e-01
1.080236449963360851e-01
3.819743086721204273e-02
1.699199951731606914e-02
1.862474212694641140e-02
3.041824687797102522e-02
3.662249273213626088e-02
3.320186665035672335e-02
2.502131824278199662e-02
2.076618250627879775e-02
1.983145782555630759e-02
1.957072827042493843e-02
1.820585246563418205e-02
1.845408246225368337e-02
2.343529209545994890e-02
3.129253815887875906e-02
3.568419542513424914e-02
