0.000000000000000000e+00
7.458107699085426701e-01
8.165540170877515491e-01
5.636997776054939457e-01
3.507275897111067908e-01
1.850945774859629744e-01
8.422653397834085898e-02
3.111984815141751945e-02
2.162977934789787199e-02
2.735080771980827677e-02
3.163959189819372242e-02
3.380939004331601216e-02
3.361146621609128332e-02
3.271037377014385239e-02
3.149495179629616115e-02
3.268178466095190970e-02
3.485737032391471313e-02
3.877381287005911281e-02
4.151618480655962923e-02
4.452984585128973855e-02
