0.000000000000000000e+00
8.292406711219727500e-01
6.188955917878294910e-01
1.781274337713353861e-01
3.771197486409661598e-02
1.572871083897820974e-02
1.284307509223892030e-02
1.554073336616400638e-02
2.049561100492428012e-02
2.232449654143424736e-02
2.219992680481152822e-02
2.048937050146259695e-02
1.777639823590556473e-02
1.478615033763286575e-02
1.471836608928658863e-02
1.641397435226797305e-02
1.684148146391300713e-02
1.837365590222804837e-02
2.056120894351244968e-02
2.138465235764154537e-02
