0.000000000000000000e+00
8.930140617478339315e-01
5.494909631304892850e-01
9.047623533976552335e-02
1.464642994303256424e-02
1.524662722924621447e-02
1.247443406537775655e-02
1.438002391366878345e-02
1.837736979385516667e-02
2.225125706671957082e-02
2.156162301082117580e-02
2.271361854371689928e-02
2.390768430638223058e-02
2.193805838771235861e-02
1.919465753328077062e-02
2.061530168138456937e-02
2.331016998403209056e-02
2.377635750210429014e-02
2.193160001208712198e-02
2.246555280457969775e-02
