0.000000000000000000e+00
8.578068367865853139e-01
6.304630054500935943e-01
1.783885969430851481e-01
4.407785297546859549e-02
2.770026239624955727e-02
2.871004972425686766e-02
2.110005754632613903e-02
1.827598431404528836e-02
2.208099345044374148e-02
3.034753966031252664e-02
3.115381854745463697e-02
2.821877262490764954e-02
2.531684623274924051e-02
2.072382483044719892e-02
1.920096244953910583e-02
2.067332263863382383e-02
2.370510932419545372e-02
2.512714728367737571e-02
2.853171096432621096e-02
