0.000000000000000000e+00
7.849111153280661224e-01
9.244201032452660227e-01
7.442552077956425816e-01
5.670166916673411439e-01
3.952567174437775499e-01
2.591099578588640928e-01
1.559558954268726039e-01
8.874667320032791906e-02
5.546579801402366783e-02
4.696346700399869900e-02
4.516113177846065030e-02
4.756390044389216532e-02
5.398762861165280064e-02
6.301936031151476880e-02
7.310092530524829602e-02
8.190588345339681886e-02
8.763447008337960087e-02
8.821014743146905757e-02
8.668845315294809728e-02
