0.000000000000000000e+00
1.521194525116301710e+00
6.130493498723580403e-01
6.415754061591044666e-02
5.507191865172898770e-02
4.763671681038891825e-02
5.244699029255343870e-02
4.911125029043015427e-02
5.949049761712470186e-02
8.087107860101057366e-02
7.132483289755721378e-02
5.346255100900915852e-02
6.035633899599315150e-02
5.547877698790122658e-02
6.270024819641653591e-02
5.917357412015891716e-02
5.977322490396421578e-02
5.295859877701227653e-02
5.475699336615187651e-02
4.904222831322001264e-02
