0.000000000000000000e+00
8.274963926453509089e-01
6.688087820882026024e-01
2.233706250425942785e-01
5.230675051177476054e-02
2.369168636850516388e-02
2.648886614590997141e-02
2.917403055004714335e-02
2.837152574417308240e-02
2.807813868373862376e-02
3.048609768859723498e-02
2.909876264616354305e-02
2.674022489417359622e-02
2.641834552326480928e-02
2.597446874206205472e-02
2.511090319723554079e-02
2.452935844685392650e-02
2.527129183525887723e-02
2.527742734830095914e-02
2.400462732412583441e-02
