0.000000000000000000e+00
7.550038323777916727e-01
8.516001229941233541e-01
6.267017375509424948e-01
4.240531577916343831e-01
2.518401997888282673e-01
1.363041172982660532e-01
6.444852424976213467e-02
3.526177124320824252e-02
3.397758313592037782e-02
3.639650065862694989e-02
3.866475010661250128e-02
4.040078401967729660e-02
4.172568227108801320e-02
4.383479613815170067e-02
4.769092354188392974e-02
5.167574170082983587e-02
5.513312878609715612e-02
5.615160736123057245e-02
5.536714273432811334e-02
