0.000000000000000000e+00
7.541119728966114710e-01
8.587280630289210182e-01
6.449892202157778698e-01
4.487278286615072331e-01
2.770852179120945613e-01
1.574040205312853269e-01
7.775306922263688914e-02
4.017378931207719189e-02
3.417052049465919145e-02
3.643467087799078657e-02
3.973435637471522258e-02
4.216340490152781229e-02
4.396846377973728098e-02
4.628532660161452372e-02
4.998521695346976046e-02
5.408231277143223104e-02
5.769666396057508001e-02
5.897433662792381931e-02
5.832289934992532926e-02
