0.000000000000000000e+00
8.227685526985455411e-01
7.222553441980598121e-01
3.121263177557085378e-01
1.136955996071753877e-01
3.991065909913697751e-02
1.730947435594871325e-02
1.864719638893229739e-02
3.054786146030568153e-02
3.690042132918848472e-02
3.349084461661007428e-02
2.515004358102010049e-02
2.074677606769486510e-02
1.978006833370640066e-02
1.946649018216081370e-02
1.815054216561330300e-02
1.861265179176710416e-02
2.368654683719232171e-02
3.156929943611019862e-02
3.609463116508301178e-02
