0.000000000000000000e+00
8.059815470911658730e-01
7.669405760883631906e-01
3.843803145278670286e-01
1.489885148810067284e-01
4.731102128917842597e-02
3.315160210682040198e-02
3.466064138962509505e-02
3.368536739737391927e-02
3.303937251605257308e-02
3.303134308875778358e-02
3.452583646898866460e-02
3.408113844272232795e-02
3.334003727212813545e-02
3.101978962576053614e-02
3.062699476472719590e-02
3.074637274872698417e-02
3.164876159536756522e-02
3.131252329868720180e-02
2.983623473625852951e-02
