0.000000000000000000e+00
8.199269673271959435e-01
6.342069254328772665e-01
1.962215568009371691e-01
4.008901357952936173e-02
1.182761043107379006e-02
9.949555170567453075e-03
1.197087058613177137e-02
1.656711288797207277e-02
2.044771714609498400e-02
2.026146759745931641e-02
2.052524112285017757e-02
2.057175238398161604e-02
1.887696003203418599e-02
1.756901823385749462e-02
1.896919199871801090e-02
2.256500027276427470e-02
2.315417318856544115e-02
2.272805231551818655e-02
2.448466187066571792e-02
