0.000000000000000000e+00
8.076033268225544237e-01
7.748528405530410446e-01
3.906983361346682004e-01
1.447812069587937345e-01
3.478196617631289927e-02
1.925742131780040431e-02
2.273014425912730022e-02
2.453778646130402169e-02
2.745949927021398146e-02
3.151209453923094900e-02
3.382089085677754403e-02
3.329908298354775781e-02
3.014237328460462814e-02
2.932848591481643924e-02
3.689006923060298565e-02
4.601491073799175713e-02
4.861364258412839701e-02
4.400149466659827868e-02
4.027070287167209411e-02
