0.000000000000000000e+00
7.447742004737278876e-01
8.238474639578518000e-01
5.809864767738868174e-01
3.715843999547119858e-01
2.035298432416126624e-01
9.730989574417628352e-02
3.645923804572950844e-02
2.223346489022365660e-02
2.731712805709612252e-02
3.224219070255589237e-02
3.512993776610935648e-02
3.531297092146059441e-02
3.462701349133312512e-02
3.345788890888435479e-02
3.453505543930609351e-02
3.672847249793242952e-02
4.086374494187792333e-02
4.371982668166760067e-02
4.677679149374532747e-02
