0.000000000000000000e+00
8.403495885585303693e-01
3.496237867494846330e-01
2.287095480413315896e-01
2.828072236437290110e-01
2.580312706600018102e-01
2.411629747313807914e-01
2.208597998442375643e-01
1.951362053094022886e-01
2.036151334029552840e-01
1.955263323176276158e-01
2.514259617085106702e-01
2.435696235175811297e-01
2.042760440607254424e-01
1.838840135415705512e-01
2.166131256090033930e-01
2.240545985003251916e-01
2.275067925480467323e-01
2.547434583553723764e-01
2.487435920011947244e-01
