0.000000000000000000e+00
7.889782779030427573e-01
9.064522981141539537e-01
6.911059238964140095e-01
4.875916206409446341e-01
3.041564902630273237e-01
1.733396714199728073e-01
8.731482396534204216e-02
4.942143261461327819e-02
4.019932318375100955e-02
4.142958859214622425e-02
4.217406193985655249e-02
4.346018637904520976e-02
4.711706663985121279e-02
5.340391509897388783e-02
6.271879937530795701e-02
7.123862155157789644e-02
7.694275099367152426e-02
7.672017834238636924e-02
7.324497591525364060e-02
