0.000000000000000000e+00
7.779464969725301549e-01
8.306855523782120665e-01
5.407721925845671018e-01
3.073799680425424730e-01
1.403633453645597717e-01
5.128692598883330400e-02
1.577869233173587876e-02
1.796536584028193481e-02
2.551968012186846962e-02
2.662499200636847183e-02
2.415706921541100477e-02
2.174446351902665012e-02
2.141328412621867558e-02
2.410065613485765090e-02
3.023587200838109487e-02
3.655562518847622899e-02
4.162109285609963405e-02
4.438985366560345425e-02
4.683773988210711281e-02
