0.000000000000000000e+00
7.649066602938483506e-01
9.023418037483995624e-01
7.266843409112254681e-01
5.524003558386794133e-01
3.821226263104919862e-01
2.456372408425817611e-01
1.413984829413716116e-01
6.981328456426512397e-02
2.918766290403620317e-02
2.352508210254532217e-02
2.973450468186130541e-02
3.615554323791658059e-02
4.335808225066387078e-02
5.064164188285070339e-02
5.830956810287404174e-02
6.567521241317071656e-02
7.229632790694186240e-02
7.647314314892598996e-02
7.919340613542194540e-02
