0.000000000000000000e+00
8.041260809241874696e-01
7.787840825502266862e-01
4.067929848259355108e-01
1.680458375570978435e-01
5.519486641145147920e-02
3.429199622861576341e-02
3.556090133707590778e-02
3.463134062149261783e-02
3.388018032013837000e-02
3.375732778576528981e-02
3.546305368928047430e-02
3.526661804982732934e-02
3.469817499445114473e-02
3.236057457646025759e-02
3.188297709304135225e-02
3.197851872869135470e-02
3.281912815489792384e-02
3.242848047170521913e-02
3.094917124393320798e-02
