0.000000000000000000e+00
7.560959367280138954e-01
8.424736570363090538e-01
6.038978366610169290e-01
3.942129898117779918e-01
2.225104201355294076e-01
1.129130135852086103e-01
5.238187029669561651e-02
3.288580680395459394e-02
3.420405156567777466e-02
3.581695095428001629e-02
3.715565850403818732e-02
3.833977638567801632e-02
3.927662198220378820e-02
4.125671297468325172e-02
4.519974625012580793e-02
4.899832252864540216e-02
5.227262359959761878e-02
5.304139910221086773e-02
5.213598180632359608e-02
