0.000000000000000000e+00
8.178817998821543700e-01
7.440170858076492477e-01
3.473790985978156831e-01
1.365812830404071199e-01
4.761246272957359721e-02
1.892204035759209590e-02
1.887498475849017782e-02
3.111549937597345161e-02
3.798897373276223510e-02
3.468326447301009474e-02
2.582241195362177874e-02
2.078716685295701333e-02
1.961932255927505489e-02
1.909060751163819611e-02
1.795608272412346079e-02
1.927882997705348406e-02
2.474272605067760755e-02
3.266878650881087365e-02
3.772016073012884191e-02
