0.000000000000000000e+00
7.583790637369852705e-01
8.232479244714850930e-01
5.576903558021304441e-01
3.367806232854850257e-01
1.698263108156181367e-01
7.422923851006038576e-02
3.481897646900997817e-02
3.096849666564342046e-02
3.376312748115990747e-02
3.359049945055574832e-02
3.400359117961673783e-02
3.473959862251312786e-02
3.516458735874986030e-02
3.685252533372228995e-02
4.079371027328972804e-02
4.436286018200942538e-02
4.716673317008858446e-02
4.749462737377060928e-02
4.653129635474770320e-02
