0.000000000000000000e+00
8.027796490505291205e-01
8.087974375357054324e-01
4.577258855816407346e-01
2.063480523977865300e-01
6.104851541799527492e-02
2.106234984106697752e-02
2.272273702826174691e-02
2.679795974362906424e-02
3.025802737301928891e-02
3.313247071585868203e-02
3.477992803386133203e-02
3.387446559751036007e-02
3.135344680339874346e-02
3.231783209565079751e-02
4.008524450611553047e-02
4.857223709743008211e-02
5.254486500678796218e-02
4.918162062496152231e-02
4.541141930208967420e-02
