0.000000000000000000e+00
7.708240884700362505e-01
8.716353054913988929e-01
6.417678081947338908e-01
4.316157567370612069e-01
2.506521085878704591e-01
1.280231409351085814e-01
5.163464321911486604e-02
1.918885482162933226e-02
2.199253320818302104e-02
2.737186622503547800e-02
2.798284752444938142e-02
2.765495956144951514e-02
2.916892648466982638e-02
3.359899526230179095e-02
4.046291572450132906e-02
4.775492309726375034e-02
5.399688950505091706e-02
5.773674253680947943e-02
6.026195898907626969e-02
