0.000000000000000000e+00
1.089125764628599891e+00
5.397794376259626992e-01
5.865386109082918603e-02
3.643307529126018490e-02
2.981158723565686258e-02
3.113392419622400265e-02
4.129648199251197832e-02
4.160715044985784095e-02
3.974682149793096197e-02
4.423526936963405320e-02
3.867024033530518795e-02
2.892480484919524378e-02
3.488851096841245891e-02
3.474108702683013222e-02
3.151871631015585457e-02
3.098314275702422280e-02
3.340435365832711279e-02
3.343901457163957897e-02
3.137152847814986267e-02
