0.000000000000000000e+00
7.846849905415937965e-01
8.824103296080053616e-01
6.418687198498349566e-01
4.245103643256488701e-01
2.389226994041336594e-01
1.131060915349528795e-01
4.126697471178907700e-02
2.536069579352268413e-02
3.802871663394775947e-02
4.425668033260672651e-02
4.093499103782835546e-02
3.438391657728155637e-02
2.861501782219792733e-02
2.798816563860982709e-02
3.241585231600360023e-02
3.961874394749555217e-02
4.843813294335434783e-02
5.512319185937458038e-02
6.186859177866670806e-02
