0.000000000000000000e+00
7.427466748042312883e-01
8.463756403145145102e-01
6.347035419802611322e-01
4.397408553806527176e-01
2.685213298922723979e-01
1.478643043753670172e-01
6.673920700266486317e-02
2.864786017744836225e-02
2.656627593693488762e-02
3.356785121761455409e-02
3.929353172124744331e-02
4.142328001285306566e-02
4.192011139241621359e-02
4.132639338706170506e-02
4.199402901802025412e-02
4.418361003363015932e-02
4.883707269762550124e-02
5.195903485220724344e-02
5.510766241111796776e-02
