0.000000000000000000e+00
1.417619356184241175e+00
6.072311909240473149e-01
3.226863450773199971e-02
3.845369900480560127e-02
4.363191979250657937e-02
3.218484894094444243e-02
4.299864387484534506e-02
4.526264962469087050e-02
4.684130557608302825e-02
5.048362165385433115e-02
5.131688966851678108e-02
3.703949326394664898e-02
3.290201317325723573e-02
3.606447931501198523e-02
3.875474037299436042e-02
3.835402341298762424e-02
3.834428658016970914e-02
4.411602685615191588e-02
4.171463458040235162e-02
