0.000000000000000000e+00
9.482027125047557403e-01
5.644535503885734773e-01
9.188155823361782160e-02
2.717006140918565640e-02
2.611906253640084233e-02
2.126454006126017940e-02
1.895379524486238282e-02
2.316315808155852349e-02
2.757081720974390721e-02
2.433529677347169920e-02
2.082428518969779013e-02
2.222641657582413721e-02
2.267807099718201561e-02
2.317200155075185841e-02
2.445157486031787272e-02
2.670421882270960015e-02
2.445099793632226487e-02
2.224238391334931036e-02
2.058998799434230004e-02
