0.000000000000000000e+00
7.648321685028529604e-01
9.027920796112499646e-01
7.279638903446556952e-01
5.543285114963397708e-01
3.843979975386171422e-01
2.478729225766006794e-01
1.433184672484413003e-01
7.119020430268260813e-02
2.979505027154216376e-02
2.356312313670449327e-02
2.975460906163103492e-02
3.629171425080811308e-02
4.365093156603758878e-02
5.100694876565423780e-02
5.869487017127201361e-02
6.606213902202701105e-02
7.268031073389832897e-02
7.685391926794997441e-02
7.957363684866690379e-02
