0.000000000000000000e+00
7.699811004037725448e-01
7.444432678880299470e-01
3.887612136860338907e-01
1.599401578791044554e-01
4.828127115019675841e-02
2.346462937993894562e-02
2.309366868680465604e-02
2.439345056313230869e-02
2.510417919917972210e-02
2.466311951504204444e-02
2.524194139711405035e-02
2.567855850191192932e-02
2.519502511681030038e-02
2.618816779575990419e-02
2.971203618768187768e-02
3.272283112638062208e-02
3.420490703181939401e-02
3.284166228442426949e-02
3.162932443512412456e-02
