0.000000000000000000e+00
7.761160470351913254e-01
8.416473546689957619e-01
5.665643934424605677e-01
3.371531698985006931e-01
1.643968434708397985e-01
6.588808574186921785e-02
1.988125220219839548e-02
1.714041806828878883e-02
2.535378216597064180e-02
2.707375403683281653e-02
2.504635891599310896e-02
2.288911391301897899e-02
2.286648914754269013e-02
2.596064419517947822e-02
3.228442296401703993e-02
3.884733902260962407e-02
4.425157214032196529e-02
4.724428906932758715e-02
4.971051878949517278e-02
