0.000000000000000000e+00
7.567433788845944198e-01
8.370137404737487685e-01
5.905404750211211695e-01
3.772038168063604480e-01
2.063863688876732549e-01
1.005923791102560499e-01
4.645835326793894965e-02
3.232259872483354834e-02
3.429687648319373200e-02
3.527455591134276425e-02
3.623372859401800816e-02
3.721972693917268565e-02
3.798544944939499096e-02
3.989106159289464160e-02
4.385046049982296856e-02
4.753862050548660068e-02
5.069873099406045636e-02
5.134899026311912779e-02
5.041028868090739745e-02
