0.000000000000000000e+00
7.693979042232574894e-01
8.789327279960468253e-01
6.612891122991112480e-01
4.580515354124228278e-01
2.774555700321640894e-01
1.499711375643545674e-01
6.620446178406901028e-02
2.479160251230821607e-02
2.079281827874299160e-02
2.676664067583499340e-02
2.870790337090790498e-02
2.938919935361471863e-02
3.162186425854517091e-02
3.647920534111020324e-02
4.348703785190175669e-02
5.084880094024787217e-02
5.725365474282739786e-02
6.116612904973241227e-02
6.377153478430327982e-02
