0.000000000000000000e+00
7.961857147196563789e-01
8.430647243121729417e-01
5.419799925395154538e-01
3.065136727786559878e-01
1.404730849505183843e-01
5.212100521005812170e-02
2.427549344455960656e-02
3.244776742066398517e-02
4.276297233359886013e-02
4.242661565777803429e-02
3.376850127074893654e-02
2.549367609968951690e-02
2.082897682678362672e-02
1.948302665905924866e-02
2.172207248185626521e-02
2.801682796978736609e-02
3.612309781811366693e-02
4.323487482905810642e-02
5.072916239792100990e-02
