0.000000000000000000e+00
8.784800497382706519e-01
6.002676433540909962e-01
1.426448563393009072e-01
3.390802840750101882e-02
2.737321474078715025e-02
2.897332204957922194e-02
2.080140255987607267e-02
1.968594506555432916e-02
2.359111149433894966e-02
3.253791427235529221e-02
3.226829634008062525e-02
2.897859086659089825e-02
2.581998781778570978e-02
2.082163263826647404e-02
1.935885259800345856e-02
2.102828172872653334e-02
2.445029116097143657e-02
2.570948932766731893e-02
2.854557739562994800e-02
