0.000000000000000000e+00
7.699330557472129355e-01
8.762318551740140293e-01
6.540019125339721073e-01
4.480884651475113833e-01
2.672204073741923924e-01
1.414565342511391599e-01
6.045609570957093809e-02
2.235162310645296899e-02
2.127676083391815895e-02
2.703300192298294449e-02
2.844793033477317074e-02
2.871963156711394849e-02
3.065309556613452988e-02
3.534075562359218631e-02
4.230676293328746590e-02
4.964354170525144688e-02
5.599146237404617477e-02
5.984190434269685138e-02
6.241330989260911871e-02
