0.000000000000000000e+00
7.551193719287615513e-01
7.705980252150402832e-01
4.589834442884543897e-01
2.361373074185669219e-01
9.698262465856558046e-02
3.317178744277660823e-02
1.808276353763227026e-02
2.179847037787849967e-02
2.560060388787928701e-02
2.780104888273441169e-02
2.758810304703551361e-02
2.564762313537036556e-02
2.413837804591272007e-02
2.329955514173416911e-02
2.487862758534270524e-02
2.668686706977276696e-02
2.925969025429809786e-02
3.145119011580426588e-02
3.393851904418022231e-02
