0.000000000000000000e+00
8.051763112403396150e-01
8.044343802455858894e-01
4.583197529947876658e-01
2.242675429340199866e-01
8.784417836379793121e-02
3.073837214785170649e-02
2.146175274554125781e-02
3.308049829261854730e-02
4.138427907642008158e-02
3.916181890937845550e-02
2.971212940916508408e-02
2.231519585338669412e-02
1.935601738910226396e-02
1.832737828091061255e-02
1.822907894172521095e-02
2.268096086363779670e-02
2.988040568481669865e-02
3.758563968779346509e-02
4.426309644558613227e-02
