0.000000000000000000e+00
8.203820606699534501e-01
6.948019443764679171e-01
2.619044841860669881e-01
6.872214349452597515e-02
2.529847759764088447e-02
2.786683134115383251e-02
3.019181887184475138e-02
2.921993497526612429e-02
2.919968701814816894e-02
3.088185718707947905e-02
3.014684957772021875e-02
2.835802678067073090e-02
2.762063699272425052e-02
2.669686842061682816e-02
2.608435252980541644e-02
2.565409669804572662e-02
2.644713623528320220e-02
2.634700682080464915e-02
2.502580801867209173e-02
