0.000000000000000000e+00
9.320216385137246595e-01
5.476317409613327136e-01
8.460047678776598523e-02
2.770937419787485381e-02
2.281958985821514602e-02
2.395544174902618229e-02
3.191458100125219022e-02
3.239717804683172470e-02
3.091754726426158492e-02
3.444455147197936218e-02
2.963079248805974841e-02
2.289514345672520254e-02
2.667437884832959266e-02
2.770072120065536145e-02
2.451487672117507940e-02
2.453635960559335388e-02
2.645148868121973904e-02
2.643310348672401125e-02
2.465853364946693146e-02
