0.000000000000000000e+00
7.942589818303330551e-01
8.743807938715291161e-01
6.063612214112280574e-01
3.733758050812542306e-01
1.896561685965724442e-01
8.148267037308311311e-02
3.633861848585780152e-02
3.161954489807214386e-02
3.592624895681743175e-02
3.842424604294451124e-02
3.885772290021366482e-02
3.835555847248201672e-02
3.921198377850832612e-02
4.350411341326576586e-02
5.195431131147079662e-02
6.043216896739698335e-02
6.584011279672961903e-02
6.466253964031672130e-02
6.048859915781724245e-02
