0.000000000000000000e+00
7.916857343724228446e-01
8.917744893275242335e-01
6.508814907318144494e-01
4.315411169159938387e-01
2.454663546949023278e-01
1.237592125991648501e-01
5.734469345119379974e-02
3.685127865894254756e-02
3.695880099684587666e-02
3.990583776622003837e-02
4.059104531951802236e-02
4.079115424411678542e-02
4.298724495780952004e-02
4.821861316756066024e-02
5.705936184006785844e-02
6.547631094233428983e-02
7.112538979755594903e-02
7.048845435274518623e-02
6.653802595177567281e-02
