0.000000000000000000e+00
7.980834753907114498e-01
8.206943512789073303e-01
4.918633341992685870e-01
2.490415578721262013e-01
9.786079815056764053e-02
4.519376968035047210e-02
3.889893702283102328e-02
3.781436854948909410e-02
3.734670223836301234e-02
3.761840170575563025e-02
3.976823161860911643e-02
4.051129680523510301e-02
4.044806616392180448e-02
3.869151577114420676e-02
3.793659829367531516e-02
3.752436324041723975e-02
3.799317951288971179e-02
3.763865629781475153e-02
3.639648518120835313e-02
