0.000000000000000000e+00
7.566634524934711115e-01
8.376864054886072886e-01
5.921758160625933964e-01
3.792681131021460872e-01
2.083198824809096572e-01
1.020485578619702988e-01
4.715037216118179303e-02
3.239420381614667444e-02
3.429721654596662450e-02
3.534730236582550589e-02
3.634714182992689752e-02
3.735330416356816285e-02
3.813831700728478186e-02
4.005351717230080238e-02
4.401170100996366213e-02
4.771335853592757748e-02
5.088782805572217988e-02
5.155183604661132263e-02
5.061603786676727862e-02
