0.000000000000000000e+00
8.184769340144217864e-01
7.026384937738570091e-01
2.740829549197451587e-01
7.426308218548897944e-02
2.586976562958854739e-02
2.832760597962284688e-02
3.056395299504265084e-02
2.954101803454191322e-02
2.959727178935138772e-02
3.104423346101731207e-02
3.052165363756317168e-02
2.887839602662017197e-02
2.806219909613722613e-02
2.698631736333873335e-02
2.642217440205129469e-02
2.605456495813548989e-02
2.686100176322031921e-02
2.672027970983360465e-02
2.538889142404031352e-02
