0.000000000000000000e+00
7.605856447196311931e-01
7.502438738819551256e-01
4.155159649390709475e-01
1.946725825885870231e-01
7.108443397594670088e-02
2.362551712947276797e-02
1.698894066207017051e-02
2.143445955224371549e-02
2.463486442233984997e-02
2.642523671949000355e-02
2.566669706864401282e-02
2.330583572877541546e-02
2.169606382167581921e-02
2.105158354762046852e-02
2.266078388617333642e-02
2.429850380961686915e-02
2.650537611675666053e-02
2.856158784939663575e-02
3.068248183823304998e-02
