0.000000000000000000e+00
8.047623190773007806e-01
6.845232736552563368e-01
2.665805665457754436e-01
7.328652417225429982e-02
1.519520764909123786e-02
8.689532524588271939e-03
1.129119465595479835e-02
1.682590760844149616e-02
2.088568522285157852e-02
2.106839328080738552e-02
2.043852478622196905e-02
1.998608815574632117e-02
1.830525853921967372e-02
1.765959521622926381e-02
1.943660210871001048e-02
2.360166867418171666e-02
2.502586523322416004e-02
2.500105799500976916e-02
2.741580399116480202e-02
