0.000000000000000000e+00
7.582276432981507330e-01
8.245295353298732755e-01
5.606985727506677009e-01
3.404002349342724054e-01
1.729982788503002522e-01
7.641517440562783925e-02
3.569695352160542207e-02
3.103698247428134105e-02
3.384723287519312424e-02
3.375510614672001114e-02
3.419984891957734974e-02
3.495169246391213042e-02
3.540527077625415381e-02
3.710897448129338999e-02
4.105760740158874433e-02
4.463314861796661287e-02
4.746349207155026867e-02
4.783084926976210322e-02
4.686859813536698588e-02
