0.000000000000000000e+00
8.018163546196200864e-01
8.160067476243811901e-01
4.728023532158083797e-01
2.214030015458327283e-01
6.944143156231824543e-02
2.309712007738191561e-02
2.273372354112007665e-02
2.729749347199659365e-02
3.088504791101857189e-02
3.352252293491325696e-02
3.507594418190948526e-02
3.405708262011605814e-02
3.177927565321338188e-02
3.322308909893775808e-02
4.103040911757632053e-02
4.941861535433732938e-02
5.360893787813612171e-02
5.051741014988615774e-02
4.669949081765967236e-02
