0.000000000000000000e+00
7.871101432990873503e-01
9.150908896018085104e-01
7.161297748937103247e-01
5.242398000644642453e-01
3.450846854646656414e-01
2.106539700991948705e-01
1.154204589068747039e-01
6.417196458474100362e-02
4.519218244722000843e-02
4.326970263913418324e-02
4.319395767445436546e-02
4.532998427852377721e-02
5.010084921710528105e-02
5.738863971719964513e-02
6.700021719177103041e-02
7.572318710734551872e-02
8.149079690658549147e-02
8.150291526100929274e-02
7.854803834174474420e-02
