0.000000000000000000e+00
7.808936500805450098e-01
8.932998750863775372e-01
6.729677405775299492e-01
4.660190268389218238e-01
2.798483649145844243e-01
1.453527873011570826e-01
5.809296909774942091e-02
2.473307506681016177e-02
3.308034849638483155e-02
4.287594682896213316e-02
4.310593484161003019e-02
3.882576260815374242e-02
3.399722302137101609e-02
3.346251968649009700e-02
3.807098579540833805e-02
4.538959372605397280e-02
5.420261860867225251e-02
6.086339485899643076e-02
6.706353850294900776e-02
