0.000000000000000000e+00
7.652268319712705047e-01
9.004809584166657555e-01
7.213882264161622926e-01
5.444464304190463899e-01
3.727879606736670404e-01
2.365276442609091645e-01
1.336375435396313649e-01
6.429345167665627414e-02
2.711990296148591648e-02
2.368624361339221121e-02
2.968367615126002793e-02
3.557241172008057672e-02
4.215553006597695662e-02
4.915593980530857249e-02
5.675321739273467975e-02
6.411737351236049265e-02
7.075271088338513925e-02
7.494236649569695208e-02
7.766335264946061523e-02
