0.000000000000000000e+00
9.702500770606232727e-01
5.614059099784647344e-01
8.537825889915608146e-02
2.766804769880760670e-02
2.666572259004077253e-02
2.181855770107711534e-02
1.946602782249982899e-02
2.393010695098275395e-02
2.881921582134895632e-02
2.524047334388281397e-02
2.127279964240974194e-02
2.279514346728147081e-02
2.339201921621547955e-02
2.388300182161938456e-02
2.500910856948511396e-02
2.728441783537514584e-02
2.467619427247366715e-02
2.262640770798954662e-02
2.095765382584768854e-02
