0.000000000000000000e+00
7.884352910183201057e-01
9.090622064548873338e-01
6.985559614376058990e-01
4.983594305765679522e-01
3.159785955399719293e-01
1.839027681916199364e-01
9.472615925795052627e-02
5.306276765385171262e-02
4.126143006130921637e-02
4.189160517159978142e-02
4.249003289575860320e-02
4.400164018960145418e-02
4.796854867954217921e-02
5.452406555816063233e-02
6.392212488138823701e-02
7.249572747157105590e-02
7.822513574122966218e-02
7.803127321837245722e-02
7.467532542701477150e-02
