0.000000000000000000e+00
8.917253244408211987e-01
5.783037726744084672e-01
1.133605540236972825e-01
2.627939244907066818e-02
2.463936485220542469e-02
2.007506685603017635e-02
1.789375804125552943e-02
2.127973209673437657e-02
2.446132914713495740e-02
2.207100699499697435e-02
1.990626795454184667e-02
2.087588362486101842e-02
2.094053671268716194e-02
2.158052309049821732e-02
2.366155812786160245e-02
2.582506449606815357e-02
2.416113981882177936e-02
2.153952230145342664e-02
2.002917106177680429e-02
