0.000000000000000000e+00
8.458783853748416126e-01
6.209408977058598067e-01
1.609629322094958959e-01
3.289455278437762586e-02
2.257385622704705108e-02
2.451575495031899088e-02
2.811370705860986516e-02
2.797117033325128427e-02
2.739206377077186075e-02
3.032035413212469388e-02
2.777411639663268650e-02
2.423791345152394652e-02
2.495718017268120509e-02
2.563299947150235111e-02
2.389099389277676150e-02
2.333274253594416064e-02
2.430403338470934343e-02
2.417409408188498504e-02
2.310697092600360464e-02
