0.000000000000000000e+00
7.763508043257620894e-01
9.057107095996884683e-01
7.104272256123336238e-01
5.192163539105730807e-01
3.369522993695996393e-01
1.956279617046523811e-01
9.232499650736919472e-02
3.363650539667036726e-02
2.567027856425222257e-02
3.749985621039116090e-02
4.446992797660780788e-02
4.466038206486186435e-02
4.250133986351895682e-02
4.276100451437596373e-02
4.752250348365788524e-02
5.479839365642855120e-02
6.331336576375787284e-02
6.980962998024939359e-02
7.565700774446143528e-02
