0.000000000000000000e+00
7.462614079454235050e-01
8.136433637242996841e-01
5.568429462093705817e-01
3.426043975293672217e-01
1.781049764612352704e-01
7.942667590033627989e-02
2.937007597852878127e-02
2.153636454963760855e-02
2.733379697057101293e-02
3.139510867689655760e-02
3.331606274640642323e-02
3.296877654920445794e-02
3.199352254061611778e-02
3.078689246656409612e-02
3.201783431966066795e-02
3.416299251596630754e-02
3.798896093745750963e-02
4.068617531837475515e-02
4.368491994908414028e-02
