0.000000000000000000e+00
7.853909095527312756e-01
9.224376549394259772e-01
7.381881464848342178e-01
5.576515360091260920e-01
3.840581282525218354e-01
2.480464188619007360e-01
1.464553031308263586e-01
8.265640131540795410e-02
5.277180835772828094e-02
4.597577965610331885e-02
4.460815553462417482e-02
4.707241548829646516e-02
5.308509663532304940e-02
6.165764482209996900e-02
7.156279672327033048e-02
8.040732403181519161e-02
8.618888937188319554e-02
8.658762398333028076e-02
8.468514925135714466e-02
