0.000000000000000000e+00
7.904113617370435163e-01
8.990795533866489109e-01
6.705558506656820184e-01
4.585207897010049050e-01
2.731154722812737523e-01
1.465005548501565336e-01
7.014864432369843916e-02
4.162001931928309417e-02
3.792838779860179671e-02
4.042599376177696130e-02
4.132779616961556463e-02
4.204228522344956309e-02
4.491879809438725085e-02
5.063425120146183150e-02
5.967477093310509517e-02
6.814120532441982070e-02
7.380763752997114568e-02
7.338726528718150788e-02
6.965075853173689768e-02
