0.000000000000000000e+00
7.657032913392207707e-01
8.978288970950755177e-01
7.138492686518178587e-01
5.332106267703904390e-01
3.597513519623717348e-01
2.239794543905172797e-01
1.231170370450786894e-01
5.694081316908069373e-02
2.453510098342151502e-02
2.398597670254027855e-02
2.962173577985470485e-02
3.472916692980085318e-02
4.053154063968124332e-02
4.716299051642198342e-02
5.464806848316138693e-02
6.201736246332496122e-02
6.867151187905398690e-02
7.287516390837088520e-02
7.559332282664357749e-02
