0.000000000000000000e+00
7.893995210119314487e-01
7.613310487682115602e-01
3.957757916354314731e-01
1.646612130695463139e-01
4.764843005198305531e-02
1.208248104095189374e-02
1.053582654731195604e-02
1.801062960774081623e-02
2.310616546735664439e-02
2.349804816785105999e-02
2.132326657014566376e-02
1.997245223648721341e-02
1.885399662226903278e-02
1.898296802221357063e-02
2.250076004664792323e-02
2.761776254414391105e-02
3.087413115995725835e-02
3.225040713247172286e-02
3.465690330625931237e-02
