0.000000000000000000e+00
7.661101309865187003e-01
7.653963804253125502e-01
4.309504210227131926e-01
1.991893052567023925e-01
6.604206313097676917e-02
2.661887274346722357e-02
2.498339640499959782e-02
2.643925986167521697e-02
2.747755964062207137e-02
2.667243269361242036e-02
2.705737559008850740e-02
2.754387785852557835e-02
2.720727463318147604e-02
2.832610679412561963e-02
3.184289815294429060e-02
3.483896590617885369e-02
3.680110204453556494e-02
3.591087778765197219e-02
3.473290955724470802e-02
