0.000000000000000000e+00
7.625602134483536743e-01
7.891635847576002893e-01
4.810891420345213554e-01
2.501476735363930004e-01
1.001672139154020091e-01
3.954103359126750344e-02
2.725339435795597759e-02
2.859157652708732220e-02
3.029550370196794351e-02
2.927071802163263084e-02
2.952478757150626965e-02
3.005935211229099346e-02
2.999106034262913681e-02
3.130595268822001370e-02
3.499654384077285907e-02
3.821901903503066578e-02
4.050108274252006008e-02
3.997447157739326962e-02
3.890181125194782513e-02
