0.000000000000000000e+00
7.732977587922729157e-01
9.144668101814187322e-01
7.377159883509806226e-01
5.600617194138448607e-01
3.840990165782728338e-01
2.407623734862917864e-01
1.300401129263427102e-01
5.394034989071623543e-02
2.355194342103635041e-02
3.025387052015043876e-02
4.320349746965060356e-02
4.860508039367038291e-02
5.006623387029029981e-02
5.172289550295958854e-02
5.679278493417114215e-02
6.396886417877212239e-02
7.209603145866498586e-02
7.829427813447346896e-02
8.378558559036622388e-02
