0.000000000000000000e+00
7.749142947883844723e-01
8.487374908999401057e-01
5.837047698673645257e-01
3.576755273464610752e-01
1.818537637319876665e-01
7.733326283420820235e-02
2.396630287233730491e-02
1.655896308412293030e-02
2.498780436014683484e-02
2.732772285352918010e-02
2.568376690084092293e-02
2.375275582998317286e-02
2.399667263783612087e-02
2.736077735505056466e-02
3.381660522335217661e-02
4.055071418018237756e-02
4.616922836242182832e-02
4.932927059594669622e-02
5.179087439738856019e-02
