0.000000000000000000e+00
7.864429952056311013e-01
9.179780334944589448e-01
7.247232840684177946e-01
5.371372395209264017e-01
3.599461514345614344e-01
2.247058281375041155e-01
1.268836753138834206e-01
7.076436412075907956e-02
4.780500198668472672e-02
4.422493547862321045e-02
4.369050830009466729e-02
4.601394334049154627e-02
5.120361306664294315e-02
5.893281963129865658e-02
6.864368380953402016e-02
7.745411044183353466e-02
8.323112895421259927e-02
8.338865015459107077e-02
8.076872968471247860e-02
