0.000000000000000000e+00
7.802547453163656277e-01
8.950584333348033939e-01
6.781567346328735146e-01
4.731802359736919095e-01
2.872365296733490059e-01
1.515598369995796169e-01
6.193778730746915540e-02
2.520781697917669900e-02
3.214933701946762895e-02
4.243726365721142701e-02
4.341446469199413544e-02
3.961523035135798565e-02
3.502400243912492245e-02
3.453176439993500130e-02
3.917657178774334309e-02
4.651835756607212297e-02
5.531299757746801354e-02
6.195479983170605609e-02
6.806516950649386943e-02
