0.000000000000000000e+00
8.016637986085108913e-01
8.171540928787663916e-01
4.752300213292888764e-01
2.238680051953200190e-01
7.097207016453031814e-02
2.355609350882547845e-02
2.273102786910922643e-02
2.737646335815834345e-02
3.098484532734725044e-02
3.358416303382234791e-02
3.512774202656183953e-02
3.409184853560975892e-02
3.185377957232936319e-02
3.337526168783355035e-02
4.118943336700484070e-02
4.956052202678588869e-02
5.378279703508954956e-02
5.073678499353515697e-02
4.691149718906197086e-02
