0.000000000000000000e+00
8.233129715171241259e-01
6.259080393569838030e-01
1.854476164143242234e-01
3.617434510505182499e-02
1.180011642114767341e-02
1.014929542989371873e-02
1.211796218075399979e-02
1.661099293138899174e-02
2.042789991697489468e-02
2.023574636380936348e-02
2.058794997081913464e-02
2.072202420550742913e-02
1.899630628125664050e-02
1.756307147233541685e-02
1.895000906442142682e-02
2.246252221714786085e-02
2.293726593189405680e-02
2.245852617864905337e-02
2.409836113628771939e-02
