0.000000000000000000e+00
8.442302842880013980e-01
6.271125430148976054e-01
1.675908345783737596e-01
3.436976269126242045e-02
2.804805584768371024e-02
2.496691670970319771e-02
2.197695347514523612e-02
2.346146195984507785e-02
2.562000790242905182e-02
2.941160972124836487e-02
3.194565153233265564e-02
3.355586694344060011e-02
3.102540355821729878e-02
2.662609916977095800e-02
3.115931622072509385e-02
4.016078145972356434e-02
4.038558414173162164e-02
3.238967659769885488e-02
2.908108682972881942e-02
