0.000000000000000000e+00
8.831691786203385020e-01
5.950982432228724139e-01
1.366495404005177716e-01
3.250492506558112088e-02
2.738973609593376574e-02
2.906260284130429347e-02
2.076814466867798331e-02
1.998945058105792288e-02
2.392016833829437722e-02
3.300698478785066281e-02
3.253011484015747717e-02
2.922009663796205567e-02
2.597150678815490429e-02
2.090496780161866727e-02
1.944790394503000466e-02
2.114794335458735491e-02
2.464664950101180807e-02
2.589466197142202900e-02
2.862468367385621187e-02
