0.000000000000000000e+00
7.977419580679818711e-01
8.474853748517380270e-01
5.421833007947495231e-01
2.961983369973211766e-01
1.237534072866330187e-01
4.480679047428389600e-02
2.529509593900823583e-02
2.925992310553430023e-02
3.377546514578431969e-02
3.593530342601575917e-02
3.654694046949739233e-02
3.551960169950868496e-02
3.490493669259851078e-02
3.801403384453660994e-02
4.605830313678734023e-02
5.454763092181012796e-02
5.944430429222474083e-02
5.732617059504985235e-02
5.329377592576066414e-02
