0.000000000000000000e+00
7.842732298175233430e-01
7.920624785372788468e-01
4.563440721366140429e-01
2.191964167072245895e-01
7.850132287859773461e-02
2.083260972848666528e-02
1.021320169877912819e-02
1.885226037597344598e-02
2.437294494013446736e-02
2.478941049171168656e-02
2.206496930508787188e-02
2.025014856470002886e-02
1.942899521523717282e-02
2.027155409016035553e-02
2.512727293606580731e-02
3.073103881838362694e-02
3.471709177559059722e-02
3.671407514017412110e-02
3.906761745634097088e-02
