0.000000000000000000e+00
7.918977854451938470e-01
8.642421292589449466e-01
5.909848826528205645e-01
3.602876466170154557e-01
1.847800240409045724e-01
8.587371719464355346e-02
4.558333548940936286e-02
4.049405764288136617e-02
4.172439081467964328e-02
4.396208198611985252e-02
4.701277385587750851e-02
4.892572190749547301e-02
4.952416288779300235e-02
4.869261549844174086e-02
4.779742013768405184e-02
4.674404149356888027e-02
4.670461177595264940e-02
4.631788356351237285e-02
4.556666526730958344e-02
