0.000000000000000000e+00
7.759220225345639932e-01
9.068939824093905644e-01
7.140880590271977413e-01
5.245990499570761800e-01
3.430092360627297610e-01
2.012547750927447254e-01
9.686952360157047304e-02
3.567555209878944117e-02
2.508332929491638094e-02
3.662596292556748179e-02
4.444909731032108124e-02
4.522688180732090807e-02
4.346338986883335753e-02
4.386112461361857395e-02
4.863643656367122592e-02
5.589712683027529133e-02
6.436204467377011629e-02
7.083949732690872358e-02
7.665546470556164338e-02
