0.000000000000000000e+00
7.714132714925610035e-01
7.376148090955335634e-01
3.754163602070915151e-01
1.482303801758222683e-01
4.331517336923997735e-02
2.273384975594323204e-02
2.259893273643231656e-02
2.379102124666719609e-02
2.437492129107048447e-02
2.406933566164415339e-02
2.471237652607293639e-02
2.512623080540020079e-02
2.460955219694149418e-02
2.562928347162634138e-02
2.919070619328518676e-02
3.218164560619290321e-02
3.347628462897107859e-02
3.193746965594903425e-02
3.072798398811092679e-02
