0.000000000000000000e+00
7.750187137092678924e-01
9.094409739383471081e-01
7.219897628330965711e-01
5.363171963739967740e-01
3.563608655962413607e-01
2.138411802520395477e-01
1.072031058092239864e-01
4.059659579570903259e-02
2.398715110230514869e-02
3.456609740414708781e-02
4.426693566720652645e-02
4.642180508834938685e-02
4.559925550700067581e-02
4.634134913359423680e-02
5.116638831579237157e-02
5.839446731395665086e-02
6.675323418625325744e-02
7.316254958846069023e-02
7.890548283635877291e-02
