0.000000000000000000e+00
7.926039495036203419e-01
8.595157832093267558e-01
5.795959886983844678e-01
3.465643198623585830e-01
1.729833436661656065e-01
7.931501061904033811e-02
4.408821979134593810e-02
4.026037791712887975e-02
4.117000488889872856e-02
4.312238874763942714e-02
4.597493724066025605e-02
4.777091349724622849e-02
4.824804616589516842e-02
4.734051549206373666e-02
4.637956329386268978e-02
4.539978722658702393e-02
4.547358325412428209e-02
4.508322231949828118e-02
4.432509228988881778e-02
