0.000000000000000000e+00
7.597741025598713227e-01
8.114102353599809136e-01
5.303838941151188813e-01
3.046798366695596672e-01
1.425902084715098550e-01
5.940889860423493457e-02
3.064166698032750810e-02
3.011626670743858605e-02
3.276299352057159692e-02
3.205360664590596598e-02
3.230007619440952021e-02
3.292727393542515396e-02
3.314980357173304137e-02
3.470339681142844968e-02
3.856772142650674584e-02
4.202736081103941590e-02
4.463279757663399933e-02
4.457580040889544404e-02
4.360320664014447761e-02
