0.000000000000000000e+00
7.860139870636436710e-01
9.198143799886924210e-01
7.302380385297665422e-01
5.454942872252450670e-01
3.696992959232495157e-01
2.340674452695113983e-01
1.346557743097435422e-01
7.533688501721190478e-02
4.965432850135264448e-02
4.491528156699343272e-02
4.404818845421000495e-02
4.645152856863708074e-02
5.194024513194662324e-02
5.999301341258601872e-02
6.976459180398013327e-02
7.862515542297786320e-02
8.440572348968525263e-02
8.466013623511584041e-02
8.227446724128666122e-02
