0.000000000000000000e+00
7.870670685784730836e-01
9.152795784522038680e-01
7.166880890569008455e-01
5.250729738341546327e-01
3.460376391135048246e-01
2.115471711283357648e-01
1.161417128143674982e-01
6.458339072781639489e-02
4.535410511618710033e-02
4.331884234962443680e-02
4.321503265327137494e-02
4.537436856433389731e-02
5.017133850123683958e-02
5.748646261198427782e-02
6.710403382852027365e-02
7.583236605643274564e-02
8.160074432814977408e-02
8.162212841858904055e-02
7.868794870946541065e-02
