0.000000000000000000e+00
7.759819848485594029e-01
9.067276983959361436e-01
7.135731042128009571e-01
5.238400650078380849e-01
3.421522378050382840e-01
2.004554426707574888e-01
9.622105447450414462e-02
3.536932067255883078e-02
2.515767540483126660e-02
3.675353085324945673e-02
4.445430803012425519e-02
4.514759249298389704e-02
4.332696416828364649e-02
4.370449448702369566e-02
4.847754468443377096e-02
5.574039495281763595e-02
6.421260185754106009e-02
7.069290815364552560e-02
7.651343654481565504e-02
