0.000000000000000000e+00
8.599760470400444889e-01
5.716532485614026493e-01
1.184008802021353085e-01
1.885590658954875223e-02
1.402704489610762106e-02
1.146144788573359545e-02
1.339228742906108625e-02
1.742862627558443983e-02
2.108839049026517420e-02
2.071196414549289835e-02
2.162411568230038564e-02
2.240959259752647523e-02
2.063136724807272671e-02
1.830480218949146615e-02
1.964544744611462432e-02
2.233025052929523899e-02
2.286373701150565957e-02
2.153554162795008609e-02
2.240358363496248659e-02
