0.000000000000000000e+00
7.954496784628132255e-01
8.654320926795141533e-01
5.844499178681343832e-01
3.461555228840840770e-01
1.653393886097038468e-01
6.598864514864519193e-02
3.026009505267468133e-02
3.033701782555755372e-02
3.534361371669884205e-02
3.760127806058787686e-02
3.800587734751080526e-02
3.730610749980786678e-02
3.763743325601878742e-02
4.147317170842899914e-02
4.976423020125457508e-02
5.827363576804941991e-02
6.352488930269488410e-02
6.204473396745303210e-02
5.788198744273102131e-02
