0.000000000000000000e+00
7.518420830372997132e-01
7.844868512788925052e-01
4.897474052773977959e-01
2.676773673130087294e-01
1.189096063789532309e-01
4.348507576431855093e-02
1.996414229214303615e-02
2.190848153559336528e-02
2.624984804449552803e-02
2.883463626306018504e-02
2.915132717220213568e-02
2.761154273594470382e-02
2.618473737962663181e-02
2.516597796605879109e-02
2.673472343196396303e-02
2.867370833713155445e-02
3.158754992198506417e-02
3.389253758716427589e-02
3.660217760279550064e-02
