0.000000000000000000e+00
7.423573391672396715e-01
8.580981069125825922e-01
6.628520873108966205e-01
4.774897500900451286e-01
3.075435150810719720e-01
1.811973008266843377e-01
9.129447325721358475e-02
3.709019266267364612e-02
2.700063283785553159e-02
3.351796194505309023e-02
4.118275622999984648e-02
4.508056271784666169e-02
4.673605235784778628e-02
4.679565882859844372e-02
4.742290634109420228e-02
4.955680401741173469e-02
5.430735102989014268e-02
5.758146888642026034e-02
6.063687283311722243e-02
