0.000000000000000000e+00
7.944022252027052033e-01
8.467920736950985683e-01
5.498165761384269379e-01
3.118593149073909943e-01
1.444825309526155677e-01
6.478609306317026362e-02
4.157186634218800608e-02
3.953741816146307680e-02
3.991094022079729603e-02
4.103924152584154106e-02
4.348314408981449053e-02
4.494131781234120271e-02
4.522574233333095245e-02
4.410290020170355013e-02
4.312057794620506590e-02
4.235994425243647110e-02
4.262307755085481542e-02
4.218407020945872526e-02
4.130368517869038164e-02
