0.000000000000000000e+00
7.542106012321735387e-01
7.742964361283092289e-01
4.670911215785464865e-01
2.442745210936430322e-01
1.024609352905241633e-01
3.555562822821044244e-02
1.846172177072602158e-02
2.183392969752908155e-02
2.577834767031407862e-02
2.806934140605451752e-02
2.798290647168962669e-02
2.614104031361678612e-02
2.464779415274375579e-02
2.376515990642426995e-02
2.533855179556984347e-02
2.718508009297096115e-02
2.984260357189243498e-02
3.205346895696314924e-02
3.460826073622561699e-02
