0.000000000000000000e+00
7.666833727082557060e-01
8.926264331840177979e-01
6.991500742204205254e-01
5.116225743750110189e-01
3.352226174367264888e-01
2.009520570563106401e-01
1.043571406095533949e-01
4.469427471939031726e-02
2.081927321860850555e-02
2.469159530978906961e-02
2.959241970137287472e-02
3.317865646683669512e-02
3.764168245682567721e-02
4.366091176349138486e-02
5.093792913864241684e-02
5.830304837625375353e-02
6.495708672668655537e-02
6.916618621221862218e-02
7.186694113575411991e-02
