0.000000000000000000e+00
8.032946704622323519e-01
8.049688190745460936e-01
4.498441577961814763e-01
1.986521887644224771e-01
5.757796403996198742e-02
2.057546286198412566e-02
2.271565931246803324e-02
2.653267248292368735e-02
2.992683612387002715e-02
3.292414708150699643e-02
3.463468698567549048e-02
3.379316539521726864e-02
3.118099905089074045e-02
3.188709076153781186e-02
3.963462059169649970e-02
4.816475382218918244e-02
5.199865079330792672e-02
4.850162673878201380e-02
4.476010007138781638e-02
