0.000000000000000000e+00
9.126494080328754199e-01
5.719193421449253467e-01
1.042427291864549549e-01
2.641484690803247090e-02
2.521267069908920272e-02
2.048161333487249700e-02
1.824497929540398050e-02
2.197011400553535582e-02
2.559900743597328873e-02
2.290432538465610526e-02
2.021011791832590457e-02
2.135709183497744648e-02
2.156387667960098578e-02
2.212995439441117068e-02
2.387384533481288346e-02
2.603482971946007724e-02
2.420876840897874527e-02
2.173961850217797157e-02
2.013360141423337427e-02
