0.000000000000000000e+00
8.273597166366705169e-01
6.161387811386899171e-01
1.679775936602630748e-01
3.458044930502374853e-02
2.205077317427994385e-02
1.920896040131497493e-02
1.721855604916614282e-02
1.915252407116322525e-02
2.088910821471490556e-02
2.001321346794037240e-02
1.963431639501402037e-02
1.983674827473329294e-02
1.929116179227840025e-02
2.074725730011460836e-02
2.394435256833516920e-02
2.613055941440855720e-02
2.514186254170919926e-02
2.231840399767809693e-02
2.080075778208344967e-02
