0.000000000000000000e+00
7.868965557873448535e-01
9.160229294002643075e-01
7.188922845447256460e-01
5.283688132554752448e-01
3.498169348356286457e-01
2.151001178408455394e-01
1.190207250280276435e-01
6.623022253947234705e-02
4.600375623184953938e-02
4.353218625527256747e-02
4.332356321939526134e-02
4.554972434172470386e-02
5.045120950966897055e-02
5.787593907081332867e-02
6.751779612884821480e-02
7.626774226161320280e-02
8.203892367528135832e-02
8.209711066746518127e-02
7.924606644598525262e-02
