0.000000000000000000e+00
7.685736908729193795e-01
8.830537008003683797e-01
6.725347870376138237e-01
4.736488431257408482e-01
2.938022167470033530e-01
1.639037396933977764e-01
7.606705926298373832e-02
2.919116872576063906e-02
1.998326838843782552e-02
2.625867251531599500e-02
2.905511989887133231e-02
3.046648062650045632e-02
3.322026739319594579e-02
3.836770962872786128e-02
4.544262680945435062e-02
5.284039270238926472e-02
5.932526733217895198e-02
6.332739033626623437e-02
6.598183318564113109e-02
