0.000000000000000000e+00
7.825599753602414665e-01
8.025836425088438419e-01
4.783867024690655612e-01
2.408579863321787806e-01
9.236926981791401814e-02
2.663048398052886984e-02
1.108343598361380584e-02
1.896916045996183131e-02
2.481256096694650290e-02
2.527135644187087846e-02
2.252314611988712884e-02
2.049798777977396638e-02
1.973069799518239326e-02
2.091499968356188774e-02
2.626833551175862536e-02
3.204519734526378033e-02
3.629876492485621664e-02
3.853628392869129504e-02
4.090918007686923652e-02
