0.000000000000000000e+00
7.800775847203973434e-01
8.955436260374814994e-01
6.795962200609027004e-01
4.751788216052145741e-01
2.893153502816039335e-01
1.533229923646823867e-01
6.303924764015525484e-02
2.536267800563563740e-02
3.188886562668665631e-02
4.230177856640581630e-02
4.349546073839408167e-02
3.983611355436027929e-02
3.531536722235242842e-02
3.483692572427224410e-02
3.949252737131304924e-02
4.684047044359667539e-02
5.562883401511135167e-02
6.226442421640804997e-02
6.834992716445857652e-02
