0.000000000000000000e+00
7.562786248757551455e-01
8.409262124976096819e-01
6.000933724730701524e-01
3.893340916078378844e-01
2.178407435131041181e-01
1.093038887414432836e-01
5.063092560627342753e-02
3.273068750859658288e-02
3.425357806135264499e-02
3.567527373608692098e-02
3.689448401123697485e-02
3.801397424420629306e-02
3.889871419379245521e-02
4.085852391419966811e-02
4.480776286582093676e-02
4.857489816251626263e-02
5.181744844131126043e-02
5.254898327909279798e-02
5.162971844161074603e-02
