0.000000000000000000e+00
8.026214422006153759e-01
6.483120670153191822e-01
2.180901609046352052e-01
5.107407154967543578e-02
2.051179410834705341e-02
1.911825788939619172e-02
1.786221450465387203e-02
1.858376500443846557e-02
1.980447159784209932e-02
1.972268898451776109e-02
2.027877404773779230e-02
2.023770823995079196e-02
1.939154514786476519e-02
2.117985124607362976e-02
2.489971808906378536e-02
2.715855034912698779e-02
2.668046385103778340e-02
2.387456191580894505e-02
2.242727259165344655e-02
