0.000000000000000000e+00
1.537629730794998872e+00
6.192667993401455018e-01
6.338468935163335538e-02
8.163580772364119331e-02
8.019550203586216230e-02
6.698503133702726764e-02
7.916319496519887144e-02
8.224760555019036690e-02
8.140512063608189297e-02
7.068149149326820313e-02
7.875810666405898275e-02
7.257199431164494674e-02
6.200198089244263189e-02
6.328422334749975176e-02
7.002383597971278961e-02
6.794716398890167375e-02
7.081703283666886117e-02
8.156423150978657499e-02
8.050673553363048296e-02
