0.000000000000000000e+00
7.699943381801271913e-01
8.759201518360004712e-01
6.531655272204122120e-01
4.469522032212717155e-01
2.660633362600383078e-01
1.405042098818266583e-01
5.982054836184756696e-02
2.211687583440289512e-02
2.132976586055956858e-02
2.706218815179281534e-02
2.841683724571754735e-02
2.864429145023679457e-02
3.054506377335159534e-02
3.521406547066634196e-02
4.217536914809626170e-02
4.950919850750236384e-02
5.585028206912426296e-02
5.969340748197112662e-02
6.226088562089355377e-02
