0.000000000000000000e+00
7.893359212222220700e-01
9.046825440790412509e-01
6.861071111853839222e-01
4.804349431550721250e-01
2.963952154726033905e-01
1.665045091432184876e-01
8.268582386502082437e-02
4.722219847438832024e-02
3.959604112521777214e-02
4.117037133107249308e-02
4.195801923540439654e-02
4.310483945486758700e-02
4.656305438910567085e-02
5.269500195065421333e-02
6.194208638022307561e-02
7.044333414303369234e-02
7.611344677293895022e-02
7.586757919802011862e-02
7.233382321951815908e-02
