0.000000000000000000e+00
7.991474863710654741e-01
8.364905946064162823e-01
5.172837772134099010e-01
2.683251869611600893e-01
1.022939418360467451e-01
3.512136289611543505e-02
2.373919989532540659e-02
2.866898819489048858e-02
3.268477361867277303e-02
3.500318309634133096e-02
3.599227828385419964e-02
3.485990855483207806e-02
3.350254651854402133e-02
3.618236158967808036e-02
4.412222136934792344e-02
5.257411695340039048e-02
5.723388430515628095e-02
5.475533969934057166e-02
5.079461654097543188e-02
