0.000000000000000000e+00
7.521302370382125790e-01
7.832006664225690251e-01
4.868624267676390782e-01
2.646431565742384806e-01
1.167199978708403502e-01
4.237356811602958212e-02
1.973465786560876789e-02
2.189008431903820620e-02
2.618204259993871241e-02
2.873219774003249113e-02
2.899625065253914544e-02
2.741527116020738009e-02
2.597977011857893065e-02
2.497907966093824983e-02
2.654762766047477976e-02
2.847573731992802948e-02
3.135389941540736580e-02
3.364299320163561396e-02
3.633766854500392746e-02
