0.000000000000000000e+00
8.148855188307796427e-01
7.186071729824934362e-01
2.997313943580921514e-01
8.674199866048667995e-02
2.735696698354740317e-02
2.934066054115323785e-02
3.141384932101359134e-02
3.043235406128668580e-02
3.042171355206517089e-02
3.144105133108437977e-02
3.137987350732644037e-02
3.000504989005856396e-02
2.914460839589427116e-02
2.768824434791528413e-02
2.717389343287235706e-02
2.695259595395772118e-02
2.781924793118436753e-02
2.757035083601654113e-02
2.621079058824992564e-02
