0.000000000000000000e+00
1.330027533125366368e+00
5.967323609180513744e-01
3.526832477506111618e-02
3.171365839456492808e-02
3.712404318878447657e-02
2.820370457115718710e-02
3.731195983243548037e-02
4.042036563563276841e-02
4.144702000006150744e-02
4.379297252848711464e-02
4.387771829295390724e-02
3.271328909433206256e-02
2.837041013202641626e-02
3.094800842825849024e-02
3.288378973969745267e-02
3.247262605334570035e-02
3.282314745115618576e-02
3.775001751046933723e-02
3.631644400312445536e-02
