0.000000000000000000e+00
7.549423046774805801e-01
8.520982239283508841e-01
6.279663601360040426e-01
4.257382056612405430e-01
2.535356173583979689e-01
1.376934048565652824e-01
6.520590430820669137e-02
3.548787391736544367e-02
3.399503873199526127e-02
3.641265506288660081e-02
3.874407114308964922e-02
4.052003140008896692e-02
4.187100886616156731e-02
4.399315600971036994e-02
4.783682908859786254e-02
5.183172844109063676e-02
5.530129124876959068e-02
5.633722723331989479e-02
5.556044609644349846e-02
