0.000000000000000000e+00
7.562048007220780743e-01
8.415507826681916104e-01
6.016271127845561617e-01
3.912976826766006444e-01
2.197158322377847361e-01
1.107491713916521348e-01
5.133057430414328381e-02
3.279376917751155446e-02
3.423594336753995465e-02
3.573371779703739953e-02
3.699996077473972911e-02
3.814466508824855551e-02
3.905005933724033096e-02
4.101813743061830803e-02
4.496503125985026189e-02
4.874484821070321910e-02
5.200027418081561853e-02
5.274625392631891729e-02
5.183190853752631111e-02
