0.000000000000000000e+00
7.802621437984578190e-01
8.166181660066642589e-01
5.088930230101277319e-01
2.724197710928117910e-01
1.141396403414602356e-01
3.709370684352781417e-02
1.287645145721241259e-02
1.873025204962810650e-02
2.529961741633938305e-02
2.595234185147310066e-02
2.324231466020126174e-02
2.094336309454832012e-02
2.034475921955762254e-02
2.217833573370867062e-02
2.806073572198759802e-02
3.409357802482051308e-02
3.872455785802612210e-02
4.125231307204083042e-02
4.366275449251891955e-02
