0.000000000000000000e+00
7.849238877976164597e-01
8.816931798665483822e-01
6.398818344607761777e-01
4.219400491698604427e-01
2.364968673688088996e-01
1.113432534993886724e-01
4.051784925977147678e-02
2.553400904353667414e-02
3.827460454305002535e-02
4.429035162943509296e-02
4.078762821640537911e-02
3.412010769607099619e-02
2.831357076789358523e-02
2.768737838449443142e-02
3.210405953780019750e-02
3.929822031985713560e-02
4.811246238462807412e-02
5.480269120808781841e-02
6.157934809138278232e-02
