0.000000000000000000e+00
7.564295118851372957e-01
8.396542451368567139e-01
5.969770098805676772e-01
3.853579601707039504e-01
2.140615990485570108e-01
1.064072577524606544e-01
4.923492282033724993e-02
3.260034833711399765e-02
3.428002116401680788e-02
3.555124846572626368e-02
3.667952648915932812e-02
3.775114905071582511e-02
3.859530621129072386e-02
4.053793163385562698e-02
4.449131459397891175e-02
4.823266881412009710e-02
5.144873286502145426e-02
5.215350794136854040e-02
5.122721487410557273e-02
