0.000000000000000000e+00
7.816604590607917347e-01
8.911655042139219329e-01
6.667319978459956831e-01
4.575027575709993410e-01
2.711861629475092461e-01
1.381955036144935089e-01
5.382143257135399428e-02
2.430521396140241513e-02
3.411489696343460859e-02
4.330941017110946645e-02
4.270623033023803611e-02
3.789264855679615879e-02
3.281066519201095155e-02
3.223891134263104363e-02
3.680872432313436748e-02
4.409740039629476971e-02
5.292405566076441303e-02
5.960084641429878871e-02
6.591523545967084563e-02
