0.000000000000000000e+00
7.455127651472314154e-01
8.185557957341234037e-01
5.684302852931459871e-01
3.563814817047971095e-01
1.900227079948421938e-01
8.766470926203533132e-02
3.243237076586058532e-02
2.173918774236805254e-02
2.736199590673087795e-02
3.180493558716801505e-02
3.416569908343636275e-02
3.406541562075802304e-02
3.321866392314782451e-02
3.201070131833213400e-02
3.316738587045472281e-02
3.535171041426661553e-02
3.932946640502840013e-02
4.210393026515597825e-02
4.512673340014749374e-02
