0.000000000000000000e+00
7.766052868893159600e-01
9.050132550160513434e-01
7.082743090994978452e-01
5.160652552042459540e-01
3.334292651178732414e-01
1.923795460900063481e-01
8.976966488660496901e-02
3.266058418733708973e-02
2.605692544992209772e-02
3.797883995196953827e-02
4.446524050827274643e-02
4.432460620411161206e-02
4.194430143720252052e-02
4.212864574501629794e-02
4.688428548825100683e-02
5.416881246056515220e-02
6.271127255203602646e-02
6.921704098072804789e-02
7.508172581636324283e-02
