0.000000000000000000e+00
7.431839849310436508e-01
8.392096460463794871e-01
6.175940237481479800e-01
4.174841159588112416e-01
2.465136403986840918e-01
1.300195344121867491e-01
5.456241019649112761e-02
2.565027790643644237e-02
2.694446372726057651e-02
3.336781554430280627e-02
3.800190238891809624e-02
3.934370080320836321e-02
3.935212368687272116e-02
3.845541332851014349e-02
3.925124589841050282e-02
4.146639340708439120e-02
4.598611349326155867e-02
4.899130657107395731e-02
5.218395094264312306e-02
