0.000000000000000000e+00
7.576025857559072207e-01
8.297824636703491352e-01
5.731404806881438274e-01
3.555474476071455725e-01
1.864904576730177233e-01
8.595932382711563013e-02
3.971808359210581008e-02
3.153872845881926928e-02
3.412537148503518025e-02
3.441979303536663731e-02
3.503148951114905263e-02
3.585898494132884473e-02
3.643664666651436068e-02
3.823090720617855487e-02
4.219122705263786410e-02
4.578331469651559377e-02
4.876194794097914176e-02
4.925599021186265192e-02
4.829861243125616738e-02
