0.000000000000000000e+00
8.591230750013326700e-01
5.989712265611270015e-01
1.362652417772773628e-01
2.862162288195658003e-02
2.956518067921241888e-02
2.570210809943566932e-02
2.225012925687358534e-02
2.442154400293581121e-02
2.670743883017219142e-02
2.962838617772828309e-02
3.189569770805194410e-02
3.416679614549723160e-02
3.180322903050774447e-02
2.703932015678226636e-02
3.092717770482937556e-02
3.964800636441236092e-02
3.962663171484077929e-02
3.148463882014686938e-02
2.833981305777427337e-02
