0.000000000000000000e+00
1.454169282327242740e+00
6.048634206756229315e-01
5.904851878685375699e-02
6.983417539034299237e-02
6.889852995370777944e-02
5.636902259801102044e-02
6.756327310253860963e-02
7.312673827283881767e-02
7.166239060406927319e-02
6.228550123602364513e-02
6.755914184090593133e-02
6.271278863589649366e-02
5.351555948301157245e-02
5.501786956325663280e-02
6.019645310890575640e-02
5.819246731461204247e-02
6.136986329335110402e-02
7.054542343721731390e-02
6.944045802337917017e-02
