0.000000000000000000e+00
7.950141761912679073e-01
6.629873217524048234e-01
2.420683338166581822e-01
6.127442132591447155e-02
2.085542413732833014e-02
1.921483936986743274e-02
1.846743712447186658e-02
1.874370823966634708e-02
1.982416436470194401e-02
1.994191911189668528e-02
2.076945680209239115e-02
2.069416266889282166e-02
1.981675730368252786e-02
2.160217812081739047e-02
2.541760808985711259e-02
2.774179406938733633e-02
2.753274333771198873e-02
2.478871875888345733e-02
2.337709681698164205e-02
