0.000000000000000000e+00
7.773971347361993134e-01
7.128337144267413716e-01
3.286789246608607939e-01
1.099951555227739741e-01
2.865261916776790097e-02
2.075057586935284346e-02
2.101157741165675386e-02
2.173189624885456944e-02
2.209693837035634281e-02
2.220704223593538557e-02
2.305329611222553532e-02
2.332506250119593255e-02
2.269486764007636048e-02
2.392867740207499025e-02
2.765648202972562433e-02
3.046773270660398450e-02
3.115038845942967594e-02
2.907132035169023021e-02
2.780267204625410521e-02
