0.000000000000000000e+00
7.921755841447795099e-01
8.623989552407288484e-01
5.865213810862787147e-01
3.548786923643499347e-01
1.800942388338669098e-01
8.324900245230873463e-02
4.498424182750365014e-02
4.040646479671416297e-02
4.150982455826608686e-02
4.363216989325618966e-02
4.660232901109274961e-02
4.846834749557845518e-02
4.901786944286955217e-02
4.815487932611874772e-02
4.723300994616377868e-02
4.620937389594163142e-02
4.620907390069269732e-02
4.581981729282101623e-02
4.507168627534870881e-02
