0.000000000000000000e+00
7.934985156651040983e-01
8.532903680994122775e-01
5.648744721455239981e-01
3.291968110132696412e-01
1.584822207527615545e-01
7.173317480276276970e-02
4.266604777330204601e-02
3.992187310187034904e-02
4.056388226533291091e-02
4.208455283850361106e-02
4.471624390823621814e-02
4.633834518476374897e-02
4.668008810175293399e-02
4.568442110850223781e-02
4.467972409359577401e-02
4.381106410684946356e-02
4.400521663648889609e-02
4.359641076522504516e-02
4.279184897150672268e-02
