0.000000000000000000e+00
7.429302846371473867e-01
8.430409184740972339e-01
6.267331260964160711e-01
4.293083153774460148e-01
2.581120768560613010e-01
1.393349469402224705e-01
6.085057539119616971e-02
2.714292408990278543e-02
2.672663803671243912e-02
3.351238707928667210e-02
3.870172867818482548e-02
4.044115773308921274e-02
4.069480315155390993e-02
3.995120799885373136e-02
4.065955172777988014e-02
4.286053827377864917e-02
4.747107056979167627e-02
5.052685067590849399e-02
5.370125300511238015e-02
