0.000000000000000000e+00
8.098650020526358961e-01
7.822476419379738033e-01
4.151001913849499125e-01
1.872608680455083441e-01
6.878162957814766554e-02
2.455655653154606433e-02
2.028969273970284218e-02
3.242515292769582169e-02
4.016607693929622608e-02
3.739050891130860782e-02
2.800629781637566096e-02
2.149467810974350565e-02
1.943411057162217764e-02
1.851970116958500875e-02
1.783595222289580118e-02
2.100647220473685767e-02
2.760661419183413692e-02
3.537924919431730680e-02
4.144104663273704553e-02
