0.000000000000000000e+00
7.832959555130053486e-01
7.980709649348494139e-01
4.688457868128763639e-01
2.313636711218203523e-01
8.618155322396779672e-02
2.389092816238653008e-02
1.061236750243648580e-02
1.894208066438256982e-02
2.462883454604039221e-02
2.506275667918194186e-02
2.232022911267305537e-02
2.038577911796497777e-02
1.959641144618029171e-02
2.061460537693387760e-02
2.575480618813119280e-02
3.146021483207420144e-02
3.559938334006936683e-02
3.773377739681575693e-02
4.009645883969165797e-02
