0.000000000000000000e+00
7.941288164663250493e-01
8.487698191323834740e-01
5.543687438792616051e-01
3.170552917590138686e-01
1.486277565091788100e-01
6.682088460823967790e-02
4.189645131962434210e-02
3.965863033403248944e-02
4.011110447780989047e-02
4.135333788989074832e-02
4.385026241839749123e-02
4.535657158467768651e-02
4.565775501900318223e-02
4.457233015826041894e-02
4.357703056107518208e-02
4.278690557631754238e-02
4.303360690855775883e-02
4.259092366620880615e-02
4.173629168859347566e-02
