0.000000000000000000e+00
7.666448313934937087e-01
8.928260722622185508e-01
6.997116993159018250e-01
5.124396317638907350e-01
3.361383554360942716e-01
2.017977220896826074e-01
1.050330577041012209e-01
4.512483164537306468e-02
2.093350062648230772e-02
2.465371895958279325e-02
2.959697936607254623e-02
3.323851801211340218e-02
3.774756219149798253e-02
4.378780519286581963e-02
5.106872717266533468e-02
5.843246541809289651e-02
6.509139763157339997e-02
6.930079882448234030e-02
7.200245676896153968e-02
