0.000000000000000000e+00
1.016446575275929298e+00
5.548694002700125250e-01
7.666059838314384645e-02
3.222853487825382696e-02
3.201828800397536062e-02
2.389208781638065687e-02
2.989583788641110920e-02
3.986713271832876410e-02
3.817648993615914421e-02
3.460328530535941582e-02
3.278285225540378267e-02
3.125004623218828603e-02
2.688805938247276067e-02
2.716549871456148263e-02
2.788357700633877639e-02
2.536102383572065230e-02
2.905380750455029831e-02
3.547003874799750656e-02
3.614640519983054745e-02
