0.000000000000000000e+00
7.431635669656232457e-01
8.394919872761988922e-01
6.182670851544699309e-01
4.183498700585239205e-01
2.473556053115397446e-01
1.306890454134072843e-01
5.500928266732849070e-02
2.575656127622268435e-02
2.693162649543401344e-02
3.338114124461280530e-02
3.805399325743734351e-02
3.942337824471894847e-02
3.944878361179098014e-02
3.856275861636519059e-02
3.935211708654635931e-02
4.156603368975562290e-02
4.609247492625674625e-02
4.910073374776401794e-02
5.229276313221307287e-02
