0.000000000000000000e+00
8.184835385655578888e-01
6.256295535064352320e-01
1.820570475023328139e-01
3.833477962221761709e-02
2.151863904844837985e-02
1.915406405900898015e-02
1.727723982089181265e-02
1.886660493674347308e-02
2.043445066204293073e-02
1.981964485600408443e-02
1.976958937987381010e-02
1.983784885068855253e-02
1.919400471211824000e-02
2.075737895486386847e-02
2.419580620668991544e-02
2.638951255465866660e-02
2.554497218123981742e-02
2.271221519234291331e-02
2.121385918726469144e-02
