0.000000000000000000e+00
8.003856136856570824e-01
8.268573722948793225e-01
4.960681871268834420e-01
2.454858224618862439e-01
8.566767476840453366e-02
2.840926654666587128e-02
2.289005840620005755e-02
2.804573757490705019e-02
3.184174326546754252e-02
3.421941663808483747e-02
3.555948587430501212e-02
3.445945601922795892e-02
3.258080255538677722e-02
3.472354930725223693e-02
4.259777552071240120e-02
5.100044383787278451e-02
5.544379862299980699e-02
5.268587384035814530e-02
4.878683907501638051e-02
