0.000000000000000000e+00
7.535404950586543915e-01
8.633113098925381257e-01
6.569394134052914946e-01
4.652000027947320593e-01
2.944270564735975149e-01
1.723946281710524164e-01
8.891068225596594765e-02
4.521297915594291866e-02
3.449903425495330633e-02
3.634680036730432440e-02
4.030912219003578156e-02
4.334552161816670329e-02
4.560944533748342855e-02
4.813182049477212482e-02
5.173201520158339506e-02
5.582799701612210092e-02
5.963567321100152890e-02
6.101643257880069726e-02
6.048223369126974613e-02
