0.000000000000000000e+00
7.955927327214588063e-01
8.382906486163920201e-01
5.305070985036525189e-01
2.902472251148473514e-01
1.277080271108368414e-01
5.713557670952233020e-02
4.047159596181684749e-02
3.898429337921482246e-02
3.906383954418475579e-02
3.976344182427128671e-02
4.206974126815293813e-02
4.333843332724077874e-02
4.350787690137886826e-02
4.218985963687192642e-02
4.126533221425794651e-02
4.062490648392386161e-02
4.094342819819114104e-02
4.052270908444094433e-02
3.953949322742253414e-02
