0.000000000000000000e+00
7.570307607585926579e-01
8.345901397415312895e-01
5.846735769210065214e-01
3.698396045032377177e-01
1.995413442742017263e-01
9.548488830691993778e-02
4.404905004433161408e-02
3.206037460750003898e-02
3.427148507926828375e-02
3.500139655015926943e-02
3.582673347085223170e-02
3.674844973329299130e-02
3.744804147895498814e-02
3.931830824211201419e-02
4.328040552056752754e-02
4.692032867968181503e-02
5.002839182006845603e-02
5.062995711041808067e-02
4.968202816174715347e-02
