0.000000000000000000e+00
7.453987954358094470e-01
8.193393147856379288e-01
5.702849867196937428e-01
3.586092664823121723e-01
1.919787292008193202e-01
8.904151457257242219e-02
3.297785962114670177e-02
2.179807273038577090e-02
2.736246954254391642e-02
3.187262887846720877e-02
3.430654040296278462e-02
3.424576977234233821e-02
3.342114878003239753e-02
3.221789624509371203e-02
3.336281144350192879e-02
3.554906664897768132e-02
3.955058691389876091e-02
4.233744613599240564e-02
4.536517895089967750e-02
