0.000000000000000000e+00
7.699659936265852433e-01
7.203881938504272942e-01
3.555279158326610234e-01
1.435653698242656540e-01
4.462268763566310664e-02
1.643822509923880196e-02
1.608536779287997320e-02
2.083961305032284994e-02
2.345001096731245613e-02
2.467991300104787483e-02
2.347504260578606519e-02
2.092547290541942745e-02
1.921250513143689387e-02
1.854491461609154845e-02
2.016761415313552200e-02
2.165447532252532184e-02
2.358286689806722569e-02
2.544848741530661776e-02
2.713070704755731616e-02
