0.000000000000000000e+00
7.579813680473547199e-01
8.266062146603190275e-01
5.655957607894772643e-01
3.463282180485556250e-01
1.782365964900095578e-01
8.008355343453607555e-02
3.723285347751769531e-02
3.120450482741835702e-02
3.397064824448304404e-02
3.401803446171574458e-02
3.452128756938656340e-02
3.530290510341711763e-02
3.580413769077965547e-02
3.754393831380843649e-02
4.149827199199867395e-02
4.507817108237920090e-02
4.796728463375374979e-02
4.838499714698560328e-02
4.742457942960522088e-02
