0.000000000000000000e+00
7.972553318553212698e-01
8.513187866814618809e-01
5.510377618305182246e-01
3.063894438747135074e-01
1.319150202679905681e-01
4.864431326671740663e-02
2.598648571008876224e-02
2.942472004799016883e-02
3.414679806247848670e-02
3.629499514517960101e-02
3.679336950569005171e-02
3.584107120242677885e-02
3.544835438181736381e-02
3.870005148765176539e-02
4.678847141927869324e-02
5.528622921647570465e-02
6.026228758096233845e-02
5.828298821783159389e-02
5.422083121140514050e-02
