0.000000000000000000e+00
7.721529708901445632e-01
8.644777896433887276e-01
6.231333253564145247e-01
4.071293869587360725e-01
2.268534604425461176e-01
1.095212437425606700e-01
4.047620479180929348e-02
1.725891210478116417e-02
2.321036868388645300e-02
2.759441307596470841e-02
2.723696795525595502e-02
2.618209802500484629e-02
2.721839775772478057e-02
3.126747668129669505e-02
3.800931319309383549e-02
4.516005367986994368e-02
5.121989353629069486e-02
5.478438114800361636e-02
5.725815896389246235e-02
