0.000000000000000000e+00
7.423914542584809650e-01
8.562914316492138411e-01
6.585028803792647434e-01
4.715668623704308837e-01
3.012841328643716121e-01
1.757127862112139449e-01
8.711835814232805897e-02
3.542256741598314579e-02
2.675319435224939729e-02
3.349412375898568051e-02
4.091763754224516519e-02
4.450451343755749967e-02
4.593613581233771392e-02
4.587931718510843832e-02
4.649768066096308244e-02
4.864238187180938700e-02
5.338257873440637596e-02
5.664987407021820215e-02
5.972571475617691195e-02
