0.000000000000000000e+00
7.660647682131584979e-01
8.958769116851569292e-01
7.083186628249710237e-01
5.250382354226857951e-01
3.503845147597506871e-01
2.150945372285017476e-01
1.157927344830335936e-01
5.210269988158013066e-02
2.293190575567414721e-02
2.424333320038597750e-02
2.960878608661137931e-02
3.414997337877404004e-02
3.941385104620741958e-02
4.580058585823634093e-02
5.318567908167763647e-02
6.056017145207376329e-02
6.722341942986075070e-02
7.143246266665843891e-02
7.414578327628602861e-02
