0.000000000000000000e+00
8.325505173166820594e-01
6.113423849423724743e-01
1.608920055245870173e-01
3.293200168616237933e-02
2.230624621096181232e-02
1.925088739884108988e-02
1.724800503123754061e-02
1.932037136130967600e-02
2.116251324671314035e-02
2.013238971581869652e-02
1.958825855780890052e-02
1.988361368701861351e-02
1.937675875927729469e-02
2.076954030083321898e-02
2.383100601753713327e-02
2.601537275365597285e-02
2.495331879421621227e-02
2.213997142081748984e-02
2.062113789601614094e-02
