0.000000000000000000e+00
7.964404514276951508e-01
8.577381194508090223e-01
5.660694296020442051e-01
3.240208028380647254e-01
1.464250722500711754e-01
5.573807440429479759e-02
2.738474400017348181e-02
2.969753610289885964e-02
3.472766493358230011e-02
3.689798568747018614e-02
3.732531396855391648e-02
3.648153682495122035e-02
3.640499868273817247e-02
3.990877847522251998e-02
4.808099813688095081e-02
5.658863765364470499e-02
6.169352466344917019e-02
5.994428921507140295e-02
5.583425437377365769e-02
