0.000000000000000000e+00
8.243311935593424788e-01
6.889971192404964473e-01
2.476522942265192151e-01
5.839745487210428604e-02
2.351571659914908699e-02
2.337066970643909489e-02
2.201226584191386809e-02
2.260252029733216678e-02
2.478699830909445248e-02
2.947702239628115922e-02
3.261956829289996279e-02
3.311155666590916147e-02
2.984573421188706915e-02
2.652690594642088950e-02
3.246884442477402516e-02
4.212204499461920382e-02
4.283144818049205299e-02
3.583382307394730043e-02
3.222878720593737312e-02
