0.000000000000000000e+00
7.691054851874059572e-01
7.229256954876073227e-01
3.604488616992215788e-01
1.474878464811822387e-01
4.640076235797084558e-02
1.685184136205714403e-02
1.613632001507286223e-02
2.088837119928330793e-02
2.354153209680557440e-02
2.481634291235789574e-02
2.363880571952714157e-02
2.110393899450363486e-02
1.939147208681585993e-02
1.872819519999932222e-02
2.034757726470022912e-02
2.184787562308219966e-02
2.379465257434959513e-02
2.567142657228007122e-02
2.739334724431886914e-02
