0.000000000000000000e+00
7.940749747636977052e-01
8.491585964629423389e-01
5.552666115411137859e-01
3.180847425702414411e-01
1.494541410152420424e-01
6.722879336427357855e-02
4.196111253776238503e-02
3.968206453174361048e-02
4.015033805742977691e-02
4.141549792291365079e-02
4.392322513673481421e-02
4.543917520077083577e-02
4.574374322796821019e-02
4.466579629446065097e-02
4.366798197644063129e-02
4.287197497241618249e-02
4.311527307390880526e-02
4.267564286688857456e-02
4.182534601050339612e-02
