0.000000000000000000e+00
8.054809189324769747e-01
8.030195234726446030e-01
4.554685848311820218e-01
2.217136805933516974e-01
8.642748702924614446e-02
3.024991007630537659e-02
2.137959038166667089e-02
3.304937001305344180e-02
4.131061006321031653e-02
3.904588008594097465e-02
2.959429484663579982e-02
2.224665355390693239e-02
1.934771046771900996e-02
1.833076913959944335e-02
1.818521827107280261e-02
2.254419787098976835e-02
2.971363120858207946e-02
3.742463201231317066e-02
4.406802178567962441e-02
