0.000000000000000000e+00
7.895449779327173845e-01
8.670018384415827395e-01
6.006668892026080231e-01
3.731109433028753641e-01
1.927816677401848200e-01
8.140360608656169172e-02
2.998796658739465160e-02
2.887723475308799290e-02
4.150689148549154689e-02
4.413591921660620782e-02
3.785346574481626009e-02
2.964638648132853285e-02
2.378902284642635256e-02
2.274657302669790687e-02
2.687669867598788814e-02
3.385633458843484433e-02
4.247182517563630882e-02
4.935186148189887878e-02
5.662844219909824589e-02
