0.000000000000000000e+00
7.426431963530994995e-01
8.485663672253669354e-01
6.399506058741994963e-01
4.466716222567581607e-01
2.755285423846149384e-01
1.536953589600607573e-01
7.083467932774582809e-02
2.975313539650813188e-02
2.646629299939159616e-02
3.356743011621168143e-02
3.967125325482596249e-02
4.208279768380164543e-02
4.275561736562341619e-02
4.227058536594797966e-02
4.291838788940419841e-02
4.509970844822352304e-02
4.977332529263327893e-02
5.293593804919259627e-02
5.606907741865502920e-02
