0.000000000000000000e+00
7.676947854330664622e-01
8.874674954669105054e-01
6.847246254388259512e-01
4.908567507096023297e-01
3.122911124196044441e-01
1.801433316968653053e-01
8.808219022129350206e-02
3.524287285176406354e-02
1.936039704784892068e-02
2.547975812265246276e-02
2.934514423566969218e-02
3.168661653322214777e-02
3.510952994609536221e-02
4.061927867623517374e-02
4.777920825897961216e-02
5.519989210597182200e-02
6.177213775373224802e-02
6.587814895682939098e-02
6.855339110958781623e-02
