0.000000000000000000e+00
7.542737119222122644e-01
8.574412677336820110e-01
6.416588386737441807e-01
4.441849722065741024e-01
2.723698448160648544e-01
1.533962180071865578e-01
7.486373427717930851e-02
3.893979478830406071e-02
3.411021887218795845e-02
3.645352856039729694e-02
3.955426724864493510e-02
4.183724674895803602e-02
4.353965076606630680e-02
4.581368145474769976e-02
4.954127151496241083e-02
5.361913684322749257e-02
5.720208613812508697e-02
5.843095253925905536e-02
5.775467276886650514e-02
