0.000000000000000000e+00
7.960995209817284257e-01
8.604071326325954949e-01
5.723985443538361917e-01
3.315703925510053440e-01
1.527887612949433704e-01
5.902696123239502962e-02
2.821527896374925390e-02
2.989993829236246847e-02
3.494854953229497435e-02
3.714184310976019476e-02
3.755046305145564450e-02
3.676004855858835269e-02
3.682113871614362682e-02
4.043473143514413060e-02
4.864623349837971650e-02
5.715676436419533241e-02
6.231344373563198202e-02
6.065850418995333282e-02
5.652957372345998599e-02
