0.000000000000000000e+00
8.582727652913209049e-01
5.997375994788297637e-01
1.367587195624902774e-01
2.809892120657148107e-02
2.237192867492110784e-02
2.389265658861567526e-02
2.817202846532484983e-02
2.826107881355148510e-02
2.726984934680855635e-02
3.064345721688158455e-02
2.755193229016406065e-02
2.337360754027597784e-02
2.463934126990629733e-02
2.571648960417390745e-02
2.358075029729394395e-02
2.306786123295140670e-02
2.437230463074491552e-02
2.421274531018014278e-02
2.303817864174909774e-02
