0.000000000000000000e+00
8.237546339156165409e-01
7.223416931713647626e-01
3.053869973689215533e-01
1.030319198386209639e-01
3.862140051737329716e-02
2.985255302331258145e-02
2.356144478764187963e-02
1.866996136940666032e-02
1.928976894191878483e-02
2.592657392160728144e-02
2.984062061175907568e-02
2.860651580382622683e-02
2.508968269022129188e-02
2.169191800511290416e-02
2.065612767703646838e-02
2.213605378867502388e-02
2.465667019608364444e-02
2.594967714838265077e-02
3.038126492845796139e-02
