0.000000000000000000e+00
7.657989392066224532e-01
8.973074652482460056e-01
7.123703752313480519e-01
5.310194367649263558e-01
3.572302354039003647e-01
2.215770825334292538e-01
1.211262273985849458e-01
5.561903185928392113e-02
2.409443865026397388e-02
2.405941912768515961e-02
2.962232870358695591e-02
3.457392872920311833e-02
4.022789313947706252e-02
4.679327819704604680e-02
5.425038529805892296e-02
6.162099381142754212e-02
6.827797974018386118e-02
7.248348461285954170e-02
7.520056289005606909e-02
