0.000000000000000000e+00
7.676039637052949338e-01
8.879269114636649807e-01
6.860015228898723727e-01
4.926773821234231021e-01
3.142748152570132292e-01
1.819148020259191978e-01
8.941889538552304229e-02
3.595504695835399084e-02
1.936016552220474335e-02
2.541027833681078207e-02
2.937597294092476191e-02
3.181711448110329660e-02
3.531751456437539488e-02
4.086852941876924911e-02
4.804372118512335865e-02
5.546015012857781479e-02
6.204031817621527556e-02
6.615678839294647506e-02
6.883431336158123137e-02
