0.000000000000000000e+00
7.859006886553119298e-01
9.202956525240091334e-01
7.316900565299554460e-01
5.477050651857484631e-01
3.722954543406790107e-01
2.365777076937846946e-01
1.367576918036900735e-01
7.663196062663089891e-02
5.019871749678648382e-02
4.510292993078664214e-02
4.414798661425897025e-02
4.656606600116714595e-02
5.214226680486777621e-02
6.027817357794706954e-02
7.006730307234790289e-02
7.894199200132989702e-02
8.472313212877478905e-02
8.500353287035901373e-02
8.269272962496555801e-02
