0.000000000000000000e+00
7.888206580986079075e-01
7.647073147380096803e-01
4.021649747417869736e-01
1.700713258539385819e-01
5.044332466669892295e-02
1.273799183327977390e-02
1.046325414311763229e-02
1.812142649623808832e-02
2.324061212292170137e-02
2.362990312158109313e-02
2.138188088209816082e-02
1.999117247194117861e-02
1.890340742496418244e-02
1.908022086945154044e-02
2.275174213664587705e-02
2.791724033238814420e-02
3.125061174992523755e-02
3.268970699822146969e-02
3.508703277777425883e-02
