0.000000000000000000e+00
7.647591928452325272e-01
9.032359951113186902e-01
7.292261391180893115e-01
5.562336226639219561e-01
3.866513109960486583e-01
2.500929991753714221e-01
1.452311060222321315e-01
7.261280538801465068e-02
3.048124614439458660e-02
2.360903980889973719e-02
2.977778064933702187e-02
3.642437510681572482e-02
4.394118787118540814e-02
5.137051449989668561e-02
5.907912378226217592e-02
6.644815898425034117e-02
7.306488355198384466e-02
7.723419777431952959e-02
7.995241550184613299e-02
