0.000000000000000000e+00
7.748197109946579619e-01
8.492905461735800188e-01
5.850573769666678192e-01
3.593200800261724948e-01
1.832838455138997846e-01
7.829683193927730600e-02
2.439126447605233922e-02
1.654323682388199671e-02
2.494787833617258255e-02
2.734633628552552917e-02
2.573530351074120731e-02
2.382466285739431172e-02
2.409107893657325486e-02
2.747777926356013631e-02
3.394414478268691776e-02
4.069202019420915112e-02
4.632694680115784225e-02
4.950165034981757889e-02
5.196188586668708947e-02
