0.000000000000000000e+00
8.110104604923702443e-01
7.379125070915458773e-01
3.322663541628322337e-01
1.084368253885395483e-01
3.323486595724252368e-02
3.071796226313123698e-02
3.254691744079368093e-02
3.158700709793141326e-02
3.143518037284510902e-02
3.198154677509025545e-02
3.252894805358911429e-02
3.151268717389255070e-02
3.062515447578776848e-02
2.867387296245851522e-02
2.828169621319712515e-02
2.825635017835507676e-02
2.918479912330265713e-02
2.889501045392468478e-02
2.745132119513758046e-02
