0.000000000000000000e+00
7.534942103084756315e-01
8.636854954823254271e-01
6.579211472151768048e-01
4.665652103499254300e-01
2.958814751338770810e-01
1.736696426749743116e-01
8.987594078430539979e-02
4.565413428167255927e-02
3.452547468581203260e-02
3.633291314056204951e-02
4.035077204633546327e-02
4.344321065880412530e-02
4.575140072404758340e-02
4.829201331222664900e-02
5.188704422239050901e-02
5.597909531034549885e-02
5.980522204643750478e-02
6.118992599771274493e-02
6.066782038507485125e-02
