0.000000000000000000e+00
9.038428472103771094e-01
5.546631678870654891e-01
9.573479162783929408e-02
2.667601911444870619e-02
3.125276894054675875e-02
2.773466023905062777e-02
2.350255245601550261e-02
2.672570786132945006e-02
3.042025576171880977e-02
3.116419752430844500e-02
3.280088047904819448e-02
3.629993606892823604e-02
3.443753911058675815e-02
2.891459341808972489e-02
3.165021876884493296e-02
4.024443804090198362e-02
3.986117030080669338e-02
3.127445573352173602e-02
2.851468520591436684e-02
