0.000000000000000000e+00
8.744297918947309123e-01
5.804055699325471052e-01
1.181990282853196683e-01
2.669972512353104011e-02
2.218524251620083987e-02
2.347051191391286845e-02
2.885898653397326111e-02
2.902651967665982602e-02
2.787542103070979327e-02
3.146223379418283672e-02
2.770562417875418668e-02
2.284392689926095441e-02
2.473130650688307522e-02
2.594104654525997491e-02
2.345458916337575181e-02
2.315144380116972503e-02
2.471370375992755844e-02
2.458798966269534411e-02
2.320037120139580022e-02
