0.000000000000000000e+00
7.908073984759441677e-01
8.968957808645001695e-01
6.646038136096468207e-01
4.502723832292195860e-01
2.645451065894906528e-01
1.393334330108687014e-01
6.591999342512899762e-02
3.985408751134354721e-02
3.750102863202919162e-02
4.022526221203952951e-02
4.110974353404581866e-02
4.165330047844468392e-02
4.431641120444036047e-02
4.987955932767965811e-02
5.885612642822344448e-02
6.730617572223152045e-02
7.297085438406224200e-02
7.248442530793287875e-02
6.867831761084690345e-02
