0.000000000000000000e+00
7.560600898313661888e-01
8.427775722300039352e-01
6.046468683564588664e-01
3.951768127241006012e-01
2.234371398452565660e-01
1.136331507132614799e-01
5.274348304287590494e-02
3.292385364356372607e-02
3.419198332410524482e-02
3.584351918907460743e-02
3.720688305242252775e-02
3.840455951718693001e-02
3.935201781515480085e-02
4.133601325949640831e-02
4.527766694699944527e-02
4.908242577335548973e-02
5.236290649336371866e-02
5.313924851668103133e-02
5.223688555879123924e-02
