0.000000000000000000e+00
8.135062793274623338e-01
7.647590606243777067e-01
3.831265444911525209e-01
1.622270173760185508e-01
5.764967295078105014e-02
2.140232051304929994e-02
1.953360350374471963e-02
3.179479415869865266e-02
3.915671962935607375e-02
3.607810280051728519e-02
2.686702255329535827e-02
2.107454783921807601e-02
1.953568332188077364e-02
1.876108298273038502e-02
1.781905312251180762e-02
2.007975965287632503e-02
2.610492221286216802e-02
3.389421233722714200e-02
3.955738599111753573e-02
