0.000000000000000000e+00
7.764376359517596304e-01
8.397334516967724927e-01
5.620000766044791485e-01
3.317876112104517494e-01
1.599521190226210754e-01
6.306928942263159699e-02
1.892800023935952564e-02
1.727376933963580691e-02
2.541296671862000242e-02
2.700388768017338362e-02
2.488221187266731818e-02
2.267343196582220430e-02
2.258463445287987870e-02
2.561141375053159128e-02
3.190073619034220626e-02
3.841939783737404607e-02
4.376488552657462061e-02
4.671440429826127783e-02
4.918010824999360930e-02
