0.000000000000000000e+00
7.430670707416250353e-01
8.408833557974653150e-01
6.215847166523045253e-01
4.226290900784149818e-01
2.515341490085527543e-01
1.340273481872832906e-01
5.724925142344843010e-02
2.628881265225070651e-02
2.686107021039028930e-02
3.344078802163871073e-02
3.830962084449832800e-02
3.981885083836977923e-02
3.993037970755813904e-02
3.909834735063389549e-02
3.985584373573827777e-02
4.206363200871069546e-02
4.662284111965633165e-02
4.964850377571387863e-02
5.283687001964358643e-02
