0.000000000000000000e+00
7.815733031653010476e-01
6.896538748259908314e-01
2.983777012876165369e-01
1.016043747964378019e-01
2.894494735413418243e-02
1.366728565588230630e-02
1.559997261905676259e-02
2.040207740400439354e-02
2.274160102899008135e-02
2.344609658893675314e-02
2.179874936347028433e-02
1.911766834275406904e-02
1.734494386814060957e-02
1.671794273558927998e-02
1.843840375188359262e-02
1.966724309763274309e-02
2.142682140686213640e-02
2.319861772187820428e-02
2.463690983236144563e-02
