0.000000000000000000e+00
1.252084771335210123e+00
5.597117495095511597e-01
6.689101400159466748e-02
3.921953381659962212e-02
4.137210803095765776e-02
4.550447990934723685e-02
3.526632979110397303e-02
4.801252014286799819e-02
5.246171197097962424e-02
7.145683414879490380e-02
6.082121523927040696e-02
5.822727613603287389e-02
4.811138172473892333e-02
3.871285573701532812e-02
4.103720882505877687e-02
4.128715025974047381e-02
4.486492081182532482e-02
4.712160951295875366e-02
4.845417687265315271e-02
