0.000000000000000000e+00
8.003355935526311749e-01
8.047325062823860176e-01
4.583503609319429795e-01
2.155126411085799276e-01
7.722382138957281650e-02
3.866217257691609288e-02
3.758252678189073770e-02
3.665609587094532246e-02
3.589578027407058780e-02
3.593329824036683301e-02
3.796160563511917496e-02
3.829095583383704954e-02
3.804446561561965895e-02
3.595092213347276383e-02
3.535190041745284867e-02
3.516586040868669577e-02
3.578471674836914557e-02
3.544779285085174897e-02
3.402817884243408697e-02
