0.000000000000000000e+00
7.428399466250561467e-01
8.446056281630590634e-01
6.304710063113101448e-01
4.341867801337214172e-01
2.629590599449405652e-01
1.432867245087577068e-01
6.356351567427669103e-02
2.783045664980487652e-02
2.665433977215129688e-02
3.354727387540334255e-02
3.898188221414950611e-02
4.089900498561809677e-02
4.126302255635934391e-02
4.058759339191048837e-02
4.127247679507416861e-02
4.346823812768307871e-02
4.810347830848165501e-02
5.119096059134346788e-02
5.435299424362988879e-02
