0.000000000000000000e+00
7.969521739265532645e-01
8.287158535451540908e-01
5.092522750120289654e-01
2.672470910673212519e-01
1.106992019332651150e-01
4.999547152736298627e-02
3.959337813518205851e-02
3.835306306953786826e-02
3.812408958836081829e-02
3.856586779066670245e-02
4.077367698166373122e-02
4.174523482460785334e-02
4.178258044553323503e-02
4.021598373605518584e-02
3.938113887550748898e-02
3.886870657367892667e-02
3.927590019452014553e-02
3.888311718458199728e-02
3.775957945429051638e-02
