0.000000000000000000e+00
3.182927315223601505e-01
3.750641204944614171e-01
2.088092674119716441e-01
1.896692402297503188e-01
1.698582032592010627e-01
1.632497217064945161e-01
2.155771303152238250e-01
1.913935226728357974e-01
2.493719847075834828e-01
2.567500027629281423e-01
2.672446805892544353e-01
2.547370319002962846e-01
1.838671749940261890e-01
2.379685233176704606e-01
2.302214659070361269e-01
2.068861615566238432e-01
2.357696171828123632e-01
2.279677706877547283e-01
2.228449736459699460e-01
