0.000000000000000000e+00
8.113787661912540417e-01
7.745739882693947198e-01
3.950079963214671586e-01
1.645578805684500823e-01
6.139481259259349510e-02
3.381719551873854646e-02
2.620660460972129568e-02
2.058970658025680717e-02
1.953574203539479998e-02
2.432679285271482569e-02
2.932766298999259919e-02
2.921279605336937063e-02
2.600462085920296137e-02
2.352043230035292740e-02
2.290343110936603893e-02
2.429777576556421334e-02
2.618350960140357342e-02
2.756312343542515614e-02
3.256694503555235959e-02
