0.000000000000000000e+00
7.729617198986103999e-01
9.154676495530763569e-01
7.408726112678319931e-01
5.648952165525779057e-01
3.898533482521164273e-01
2.464700829630277201e-01
1.350014308251181183e-01
5.741890247641149442e-02
2.405193525319134981e-02
2.938265873829439684e-02
4.284459689203171107e-02
4.898831624712286781e-02
5.098534436265278469e-02
5.288596541839272330e-02
5.804692099425833030e-02
6.520659412662037357e-02
7.326881011747717054e-02
7.941438577656644016e-02
8.484225514443907712e-02
