0.000000000000000000e+00
7.719318252993732088e-01
8.656863690669889255e-01
6.262481243041920775e-01
4.111723686921640586e-01
2.307140281055899134e-01
1.124568149353249030e-01
4.215893941393140942e-02
1.742182650810274180e-02
2.298592548050226725e-02
2.757714209868858055e-02
2.736293723432209335e-02
2.641152394599961470e-02
2.751967292848251853e-02
3.163367174826572231e-02
3.839338269393813285e-02
4.557270957065995970e-02
5.166431164855590785e-02
5.525877801804289502e-02
5.774123916551486546e-02
