0.000000000000000000e+00
7.929457472914133165e-01
8.571698028793519608e-01
5.740122026713873060e-01
3.399284310417273192e-01
1.673867526780912496e-01
7.626045959367488969e-02
4.339399948716888417e-02
4.013348914099808262e-02
4.094456929322765060e-02
4.272707199026118396e-02
4.549137833132277375e-02
4.721970357781470062e-02
4.764089015961930212e-02
4.670036612837385331e-02
4.571486928101248237e-02
4.476986376047907557e-02
4.490026117421039992e-02
4.450748307754883587e-02
4.373547868390292859e-02
