0.000000000000000000e+00
7.948373970962508972e-01
8.700761955600163633e-01
5.957486637804864094e-01
3.600791130630324188e-01
1.776339111784641933e-01
7.353989259952781188e-02
3.289214294451055232e-02
3.084834444134354134e-02
3.567150506320789644e-02
3.801831101136733670e-02
3.844196883033090817e-02
3.783763620798021726e-02
3.843173105433270176e-02
4.250026232386262121e-02
5.087032024764911314e-02
5.936498640906721219e-02
6.469934256905093828e-02
6.337789244853951620e-02
5.919949920971007834e-02
