0.000000000000000000e+00
7.750722885589554911e-01
9.092878981648302439e-01
7.215138301687075151e-01
5.356074882201601328e-01
3.555458281960636735e-01
2.130657348507178916e-01
1.065598892968550038e-01
4.028814074191160166e-02
2.404182800287164856e-02
3.469068717077288672e-02
4.428369119799224762e-02
4.635116928332252972e-02
4.546839418350957784e-02
4.618783287328768333e-02
5.100901086894064212e-02
5.823898213424957143e-02
6.660416623794181146e-02
7.301856301360974688e-02
7.876625720227477256e-02
