0.000000000000000000e+00
7.901424906054353992e-01
8.753866993075929415e-01
6.186006225503528633e-01
3.946208880258900153e-01
2.155770877249169881e-01
1.064524488330597790e-01
5.261519831031041122e-02
4.112179544664849168e-02
4.299133079598509155e-02
4.606145269726205638e-02
4.966407329125005488e-02
5.190952684876612433e-02
5.284102776871129475e-02
5.227070038927873752e-02
5.155779998025820932e-02
5.030931169695202626e-02
4.997723998814881247e-02
4.963439388245350498e-02
4.883346316819159316e-02
