0.000000000000000000e+00
8.224949797225249437e-01
6.865687708518284360e-01
2.493943439047869304e-01
6.318943584953534698e-02
2.473299158832390626e-02
2.740743953268250099e-02
2.981913193573300716e-02
2.888536800379625652e-02
2.878887833767078061e-02
3.074323567095297097e-02
2.979739377936348188e-02
2.782684952533141451e-02
2.720465173758880237e-02
2.643048652852251004e-02
2.574935642741250572e-02
2.526015662772856246e-02
2.605228610579000612e-02
2.598721658422742734e-02
2.466401291233228515e-02
