0.000000000000000000e+00
7.963198458172230376e-01
8.331712420351486958e-01
5.190751214072025777e-01
2.777738612663110951e-01
1.183754455994227850e-01
5.318394596928130436e-02
3.998081731918368131e-02
3.863476119481797089e-02
3.856022557065524881e-02
3.911408482132020664e-02
4.136322044590245994e-02
4.246913008087878361e-02
4.256608124607497157e-02
4.111226315840384865e-02
4.023217359510535690e-02
3.966097062837632692e-02
4.002756142089289315e-02
3.962224669380397940e-02
3.857154069673175700e-02
