0.000000000000000000e+00
7.651708311310633226e-01
9.007978455767016168e-01
7.222912265606031834e-01
5.457996066437295068e-01
3.743702266435984805e-01
2.380647358239223743e-01
1.349400369479381578e-01
6.521465111653736157e-02
2.744591025371739476e-02
2.365107145982286996e-02
2.969354789584584264e-02
3.567396368035880699e-02
4.235953919856039196e-02
4.940644360528707868e-02
5.701439748037658711e-02
6.437815840879432261e-02
7.101074074989593976e-02
7.519819547455536268e-02
7.791921603535323371e-02
