0.000000000000000000e+00
1.215256218369042518e+00
4.591647296322614036e-01
9.877645787848519932e-02
8.985522530323944435e-02
7.601377081150641202e-02
1.147423940379215940e-01
1.052478201874317010e-01
1.275776617767440391e-01
1.530708443613636727e-01
1.432642923467834506e-01
1.229532517966884092e-01
1.344327985836447636e-01
1.043654130555984882e-01
1.264011359372213261e-01
1.127711380679368991e-01
1.109741626385253865e-01
1.116493546508224716e-01
1.132202911462884543e-01
1.061965240386404802e-01
