0.000000000000000000e+00
8.430973864124823303e-01
6.622589589041728564e-01
2.185297728296337338e-01
5.906816770669275768e-02
2.910710610518346675e-02
2.869823010087182644e-02
2.155287220168104756e-02
1.774165932599528275e-02
2.086070818500351462e-02
2.859562009494641399e-02
3.049374970073684757e-02
2.797004978858966609e-02
2.510544506151547728e-02
2.079650010759206621e-02
1.939320266674661453e-02
2.073229784713615312e-02
2.364815962572486621e-02
2.511672086463706544e-02
2.896837022475527712e-02
