0.000000000000000000e+00
7.943469088048813465e-01
8.471921926405590053e-01
5.507354773062297371e-01
3.129049935100181590e-01
1.453132993203679890e-01
6.519240513167039175e-02
4.163693777947607283e-02
3.956218324350517512e-02
3.995148281992640799e-02
4.110249605591010519e-02
4.355689713660011037e-02
4.502467462965405176e-02
4.531239666222054013e-02
4.419706277843589437e-02
4.321211804912981208e-02
4.244557056902788922e-02
4.270548141085154376e-02
4.226532573062576070e-02
4.139013772315201789e-02
