0.000000000000000000e+00
7.829231652229691196e-01
8.003583296774825495e-01
4.736656226969090389e-01
2.361374909855395998e-01
8.927160129454024540e-02
2.524835687678169197e-02
1.084765540465970450e-02
1.896071777159999069e-02
2.472307886610242492e-02
2.516816542604084772e-02
2.242183526523401985e-02
2.044148455296715405e-02
1.966350664797054948e-02
2.076475832500952051e-02
2.601170379484492312e-02
3.175079533213592126e-02
3.594892592613628535e-02
3.813652792785771073e-02
4.050425863918719754e-02
