0.000000000000000000e+00
7.534256604262296042e-01
8.642398000325201002e-01
6.593773846177389819e-01
4.685937840741276617e-01
2.980475608733523796e-01
1.755736369026668353e-01
9.132201453350075049e-02
4.631635129687327462e-02
3.456351307631996828e-02
3.630942842592895653e-02
4.041083818139507011e-02
4.358822734076541611e-02
4.596333665696273468e-02
4.853171317135770296e-02
5.212260140320138652e-02
5.621389064473611419e-02
6.006114136247447249e-02
6.144902446318351724e-02
6.094519039284666817e-02
