0.000000000000000000e+00
7.959781244667002431e-01
8.438746117967490523e-01
5.438677664939221001e-01
3.085364801946991475e-01
1.419347721447569155e-01
5.280574190819221220e-02
2.434898881561300271e-02
3.237934881570933565e-02
4.276540241522527874e-02
4.249436226918410636e-02
3.388897231481181882e-02
2.560418822644270828e-02
2.088836986718274960e-02
1.954087570148969541e-02
2.183671711159137704e-02
2.817460458745767865e-02
3.629548691621074796e-02
4.339653689314742352e-02
5.090092045751779676e-02
