0.000000000000000000e+00
7.808005744429904471e-01
8.935570737334189717e-01
6.737238065326400793e-01
4.670582401180298215e-01
2.809146247954635855e-01
1.462428259328943381e-01
5.864108445596275671e-02
2.479488515597128712e-02
3.294585762213010638e-02
4.281666632068267808e-02
4.315238199763171689e-02
3.894009680911688503e-02
3.414456817454542686e-02
3.361536727572746880e-02
3.822888405040405363e-02
4.555096591202419110e-02
5.436171863126568193e-02
6.102005714026077776e-02
6.720660918448347065e-02
