0.000000000000000000e+00
1.312250366698866966e+00
5.724770052155728761e-01
7.146693765923134434e-02
4.357383290301453799e-02
4.600977195093002708e-02
4.933019831834272589e-02
3.861224105433309212e-02
5.373617734267148449e-02
5.897289855095531191e-02
8.002622805192668998e-02
6.744586643809956372e-02
6.529405927730962123e-02
5.351017261985380885e-02
4.348355755501916858e-02
4.637987914530031230e-02
4.624143149572475936e-02
4.980274980874724311e-02
5.189220055685916932e-02
5.350973163635552865e-02
