0.000000000000000000e+00
7.582778012299254966e-01
8.241053555992609025e-01
5.597017514858042553e-01
3.391989825873827913e-01
1.719433546172631222e-01
7.568219382050443700e-02
3.539155624577300374e-02
3.101492862396199729e-02
3.382004031449804132e-02
3.370080766541834472e-02
3.413471206717486051e-02
3.488110882149654535e-02
3.532515789699341990e-02
3.702231943745617343e-02
4.096920295811144058e-02
4.454332776338415512e-02
4.736185165872287134e-02
4.771909010982777061e-02
4.675647834223462668e-02
