0.000000000000000000e+00
7.914483186168492779e-01
8.671825682352799491e-01
5.981650766194298585e-01
3.690719773990822072e-01
1.924896559040746580e-01
9.061420862838226453e-02
4.687830608736155702e-02
4.062384205133637988e-02
4.206128280333858854e-02
4.449420307071065561e-02
4.768296303199728858e-02
4.967450972843539397e-02
5.035550006652023125e-02
4.957925127076074495e-02
4.873003139282876955e-02
4.762666953801689834e-02
4.751923371631720794e-02
4.713629283840285733e-02
4.638148993185589597e-02
