0.000000000000000000e+00
7.781301612102260457e-01
9.008495039011653605e-01
6.955353104717686419e-01
4.976520562938149261e-01
3.131907663692129473e-01
1.740802569284348178e-01
7.661912315157627662e-02
2.806077107113227193e-02
2.864037085505952845e-02
4.032920396536508051e-02
4.421523004198986417e-02
4.232091761373672767e-02
3.881734394085820106e-02
3.863545425105131825e-02
4.335582129395255946e-02
5.068677314818900714e-02
5.936844426376960970e-02
6.591605277962167553e-02
7.185152687685963935e-02
