0.000000000000000000e+00
7.938621141126627201e-01
8.506915272155413099e-01
5.588169289464203215e-01
3.221702636678372977e-01
1.527504591061231154e-01
6.886328510375179512e-02
4.221883962182863825e-02
3.977307524089156165e-02
4.030455279715206701e-02
4.166192582790668314e-02
4.421359974485768174e-02
4.576813004170607324e-02
4.608626367792745954e-02
4.503824165504141663e-02
4.403191820716386568e-02
4.321182315906242632e-02
4.344049184381516132e-02
4.301260497207128053e-02
4.217958496155163606e-02
