0.000000000000000000e+00
7.648816583759876497e-01
9.024926094242229357e-01
7.271127991291173043e-01
5.530456580383225074e-01
3.828835504002567891e-01
2.463842064285788058e-01
1.420392881263193019e-01
7.027233187086910637e-02
2.938142329647755804e-02
2.353596063622794693e-02
2.974024881592950489e-02
3.620132542112783347e-02
4.345598693754629954e-02
5.076360378848413651e-02
5.843811759333740474e-02
6.580428760347709072e-02
7.242444545535250966e-02
7.660021785651111026e-02
7.932031711727613454e-02
