0.000000000000000000e+00
8.293847252489199295e-01
6.129536800406714114e-01
1.690076381281260809e-01
3.106889859503613599e-02
1.219908255942210584e-02
1.046145007796122142e-02
1.236860946054363537e-02
1.671145356929921305e-02
2.043407043758289215e-02
2.022577325310174687e-02
2.070873147639994138e-02
2.098742783342340615e-02
1.925330696857516927e-02
1.759071777881843213e-02
1.897467384984757519e-02
2.232651866660469511e-02
2.271829433879793414e-02
2.207374358079494323e-02
2.354440028985957389e-02
