0.000000000000000000e+00
7.914925638643255379e-01
8.668955277389774894e-01
5.974609215656717653e-01
3.682060562430415906e-01
1.917243610359961326e-01
9.011662373800286008e-02
4.672961752744336089e-02
4.061178891389020940e-02
4.202882854804691759e-02
4.444201475703016269e-02
4.761666043313655949e-02
4.960029177176480952e-02
5.027303707394335103e-02
4.949116846742566272e-02
4.863726366596977241e-02
4.753887374640962393e-02
4.743836479587520971e-02
4.705518005247347202e-02
4.630074594044326919e-02
