0.000000000000000000e+00
7.545548665897472418e-01
8.552015422835645975e-01
6.358920814679531741e-01
4.363707008111437080e-01
2.643300258936153724e-01
1.466328581267591358e-01
7.028057180726575426e-02
3.711402470741322068e-02
3.406927448503881822e-02
3.646797639922815665e-02
3.922522753319478139e-02
4.127718883755789742e-02
4.281535837850800746e-02
4.502212001922090839e-02
4.879746556366294091e-02
5.284482892337097337e-02
5.638691685417168004e-02
5.752337473640422444e-02
5.680067637324770491e-02
