0.000000000000000000e+00
7.476273665921815414e-01
8.055159795995029404e-01
5.378364838914446722e-01
3.205352181404952927e-01
1.596651123926231541e-01
6.729501077545288479e-02
2.584931330083287473e-02
2.179193504874019430e-02
2.717631106548448056e-02
3.068331488633841211e-02
3.201627620538847335e-02
3.128229487654127922e-02
3.011980755424836440e-02
2.895089735060025343e-02
3.030539115651490270e-02
3.239974579435096758e-02
3.595799874708627969e-02
3.851792476768834544e-02
4.145926782389160181e-02
