0.000000000000000000e+00
7.723785453584832705e-01
8.632366859620685950e-01
6.199483683142748003e-01
4.030162724977099931e-01
2.229540889718779617e-01
1.065825038904575084e-01
3.880677855320910363e-02
1.709238341660222760e-02
2.342350382808163281e-02
2.760480422878471007e-02
2.710796384695563638e-02
2.596030276272558862e-02
2.692112853180596982e-02
3.090450590003552059e-02
3.762783868165800460e-02
4.474617734531123603e-02
5.077313926285311613e-02
5.430675302227443851e-02
5.677157388262631110e-02
