0.000000000000000000e+00
8.106175141981152299e-01
7.560730052023815206e-01
3.562454437495837789e-01
1.167733670347839564e-01
2.518984646447185866e-02
1.937582449381535996e-02
2.258462222095545743e-02
2.370211785500458967e-02
2.622216351678939919e-02
3.081732357016209178e-02
3.336693623563527500e-02
3.308254021131603467e-02
2.980313666875143014e-02
2.830857343224667949e-02
3.557208175150876339e-02
4.502021738887734131e-02
4.691147708701074587e-02
4.178330927181971716e-02
3.795152100985250271e-02
