0.000000000000000000e+00
8.345337665253672599e-01
6.860531746296996136e-01
2.509016784183713544e-01
7.352857504424074875e-02
3.120265665968571106e-02
2.891413529890176498e-02
2.215823493969074423e-02
1.793535126979804023e-02
2.009552483307161172e-02
2.746602144517215280e-02
3.013663322844422829e-02
2.811259301519414971e-02
2.503420833893697101e-02
2.099423678221729733e-02
1.971079594157160164e-02
2.110796762930565104e-02
2.395217172191306185e-02
2.536163236443862018e-02
2.942628217081753178e-02
