0.000000000000000000e+00
7.743050339810646499e-01
9.115041811839915686e-01
7.284191874324905669e-01
5.459554160699237046e-01
3.675110080592908224e-01
2.245409463031041442e-01
1.161638088412540182e-01
4.562336099162658809e-02
2.345040846361503076e-02
3.278799412575909844e-02
4.395876291216239962e-02
4.735408458506417534e-02
4.739362208965650775e-02
4.846870433692725827e-02
5.335824996805778320e-02
6.056208628976252756e-02
6.884678422385878682e-02
7.518010676834828432e-02
8.083300968827458743e-02
