0.000000000000000000e+00
7.653122345795585479e-01
8.999997153060383948e-01
7.200177987325059314e-01
5.423958003363158475e-01
3.703951359375246555e-01
2.342088810972904334e-01
1.316783017950597656e-01
6.291186170772576636e-02
2.663170984346204320e-02
2.373717899534238604e-02
2.966836429734407213e-02
3.541857163369546702e-02
4.184738438685695061e-02
4.877876303524390778e-02
5.636060606264436945e-02
6.372546743374388201e-02
7.036477855473005638e-02
7.455755457165379185e-02
7.727836027145580655e-02
