0.000000000000000000e+00
7.589610235674020267e-01
8.183057862649195657e-01
5.461878058383838885e-01
3.230929569729198425e-01
1.580144327254178471e-01
6.730048843690110416e-02
3.262184980881983887e-02
3.065649411842694821e-02
3.338928088374456399e-02
3.294320750320599983e-02
3.326211026799164028e-02
3.395276279121416801e-02
3.428338038648255648e-02
3.591621858052453098e-02
3.982204587224162651e-02
4.335380886732582290e-02
4.607575953282526393e-02
4.623679051103084248e-02
4.526951064084332871e-02
