0.000000000000000000e+00
7.674795090444366252e-01
7.278251810959404100e-01
3.700427322476680936e-01
1.552754835870315264e-01
5.003015142647952024e-02
1.771601244403463171e-02
1.624875535424708320e-02
2.098507540031450957e-02
2.372318525491991584e-02
2.508524567718797491e-02
2.396540374985520888e-02
2.145963166664463170e-02
1.974675319846575655e-02
1.909338356997445502e-02
2.071661343581291878e-02
2.223873867619173897e-02
2.422256396728699954e-02
2.612016064021145320e-02
2.791811639060094719e-02
