0.000000000000000000e+00
8.220541783641258649e-01
6.882484432745811231e-01
2.519230745057376986e-01
6.429446455102721947e-02
2.484560827454235232e-02
2.749923734063000266e-02
2.989369225370295050e-02
2.895330622797424522e-02
2.887205024697474254e-02
3.077051542448337035e-02
2.986736811947523704e-02
2.793385007001324485e-02
2.728536022002691144e-02
2.648072360798461866e-02
2.581611162742293228e-02
2.533839837595913344e-02
2.613108151881699329e-02
2.605937525936631582e-02
2.473580942379711295e-02
