0.000000000000000000e+00
8.776687943587505591e-01
5.580680401518109957e-01
1.015218779440712482e-01
1.612184228729377292e-02
1.473760801977749661e-02
1.199455458007692328e-02
1.392244338459429874e-02
1.793268500292212464e-02
2.168082484462913531e-02
2.114939303109444196e-02
2.220039570331721820e-02
2.321982288374635495e-02
2.134116461984901514e-02
1.876370856123158251e-02
2.014983956379327520e-02
2.280745541247757718e-02
2.331230310023752958e-02
2.167837214668613677e-02
2.235294878792055268e-02
