0.000000000000000000e+00
8.052289053410260911e-01
7.909863966017656178e-01
4.217710853754109701e-01
1.722326750912289151e-01
4.605959926810846566e-02
1.986462117853283679e-02
2.276125892785384533e-02
2.557416821090865988e-02
2.874541114027332270e-02
3.220181383990657065e-02
3.423259519917021959e-02
3.355279196221455651e-02
3.058748426842322621e-02
3.046658033098700522e-02
3.826789651875523585e-02
4.705128483713835741e-02
5.024434141591913039e-02
4.620264961702343076e-02
4.253944521282404523e-02
