0.000000000000000000e+00
7.649571814730582453e-01
9.020380264278696769e-01
7.258215362139417426e-01
5.511019232941687385e-01
3.805933198476766921e-01
2.441380737280147151e-01
1.401144528221227870e-01
6.889499244760714791e-02
2.880058700427825386e-02
2.351426522829219712e-02
2.972201976562422604e-02
3.606279535071967024e-02
4.316140420689953960e-02
5.039713473370846519e-02
5.805211989105028836e-02
6.541676285997186091e-02
7.203972805062583418e-02
7.621855347661854463e-02
7.893908955576753317e-02
