0.000000000000000000e+00
8.245500856736435180e-01
7.193810922618620873e-01
3.007189454485471036e-01
1.002434236750851526e-01
3.781170826943598684e-02
2.974414063149694379e-02
2.342837296811232928e-02
1.858673019067116905e-02
1.933936020141831594e-02
2.604901308745667665e-02
2.986175418177414165e-02
2.857082753470494355e-02
2.508228080443156496e-02
2.162447921672807499e-02
2.056212573894686951e-02
2.203623959329847198e-02
2.458700191667560070e-02
2.587881173784656666e-02
3.028079848764441903e-02
