0.000000000000000000e+00
7.755991766605681015e-01
8.447068725865264360e-01
5.739163549860852864e-01
3.458836732056439489e-01
1.717350128427877487e-01
7.062722755109086814e-02
2.149997855637449107e-02
1.688049796161316882e-02
2.522392993065221065e-02
2.717478957328502837e-02
2.531590626495053634e-02
2.324890300001542648e-02
2.333678339376352856e-02
2.654326324212131355e-02
3.292327092769011671e-02
3.955876063253108144e-02
4.505619687826168535e-02
4.811701647536407306e-02
5.058387877298079621e-02
