0.000000000000000000e+00
7.430309568177738688e-01
8.414305663540458946e-01
6.228899398995941805e-01
4.243179947099955385e-01
2.531910501174778338e-01
1.353582325009498322e-01
5.814768777682577383e-02
2.650206994471054900e-02
2.682991227524906402e-02
3.346140844489840782e-02
3.840961641696481743e-02
3.997566656553194764e-02
4.012220124339815203e-02
3.931202835308063304e-02
4.005702752844773201e-02
4.226313656094899535e-02
4.683533716077940140e-02
4.986824353159725193e-02
5.305360859481959152e-02
