0.000000000000000000e+00
7.782802455768915717e-01
9.004402201506751524e-01
6.942941933033136559e-01
4.958797322595256962e-01
3.112747713447260867e-01
1.723807419937502527e-01
7.548039702914426108e-02
2.777431165389724829e-02
2.892347839379618910e-02
4.051772258356540340e-02
4.417317129497606160e-02
4.212568727942201524e-02
3.852917458200345174e-02
3.831808771832897337e-02
4.303380334408752478e-02
5.036796355327857050e-02
5.906057592251671290e-02
6.561319454367442461e-02
7.155336869087743079e-02
