0.000000000000000000e+00
7.884504910731995331e-01
6.784259352207659965e-01
2.679594852580000075e-01
7.294138900866779796e-02
2.120139556393390787e-02
1.923803896340728001e-02
1.917165225995623792e-02
1.936896570665528131e-02
2.022959652542096268e-02
2.046656183720894223e-02
2.135671013214885533e-02
2.129713244425795668e-02
2.052308552102902542e-02
2.216873069696790807e-02
2.602224831120265522e-02
2.844080296071884589e-02
2.852824653248796014e-02
2.590011863688680346e-02
2.453292378384501135e-02
