0.000000000000000000e+00
7.995310214845174901e-01
6.541838550224470250e-01
2.370711224840526543e-01
6.441388827411051454e-02
1.922604829809403462e-02
1.267032447549831624e-02
1.522085560701048543e-02
1.995375688429322503e-02
2.242427856684834839e-02
2.258653947009471585e-02
2.079447952376938663e-02
1.818584180139060438e-02
1.575074897399437665e-02
1.536204069235514065e-02
1.721189945476590127e-02
1.797782934423524520e-02
1.960993661604544525e-02
2.147744624259077112e-02
2.258971339505717185e-02
