0.000000000000000000e+00
7.472149343766554264e-01
8.078732236062279304e-01
5.433277709666176625e-01
3.268438032003957439e-01
1.648531627651392550e-01
7.062565649526812706e-02
2.672820100859758102e-02
2.170382449661081153e-02
2.723833598176021720e-02
3.089192178475180448e-02
3.238148293162356611e-02
3.175477485980425507e-02
3.064491066838386998e-02
2.946355294584304674e-02
3.078249311714251896e-02
3.289078541494278030e-02
3.652567773431285997e-02
3.912188308314835244e-02
4.208290564674030398e-02
