0.000000000000000000e+00
7.440526080128555542e-01
8.297281015779505164e-01
5.949989012211612804e-01
3.888802475878770926e-01
2.193422351062223330e-01
1.089972145929804653e-01
4.191645104230460467e-02
2.314202892448059476e-02
2.724852664805504573e-02
3.272528455925628049e-02
3.622726291945298216e-02
3.678267222810822912e-02
3.631523580631980386e-02
3.520867178851554841e-02
3.619352165424102874e-02
3.839623026165125963e-02
4.270312928454728790e-02
4.563595240006204645e-02
4.873122287415064535e-02
