0.000000000000000000e+00
7.784324178000801009e-01
9.000253403623522663e-01
6.930380997780741792e-01
4.940899144842233470e-01
3.093456194468477416e-01
1.706754349721373576e-01
7.434134150648925854e-02
2.748819460545625856e-02
2.920309314872730419e-02
4.070190216256282939e-02
4.412783818016063203e-02
4.192828608302153620e-02
3.824000736665816164e-02
3.800041466150030911e-02
4.271163133612350393e-02
5.004877163676865054e-02
5.875197484387624514e-02
6.530938452711329556e-02
7.125431132393821032e-02
