0.000000000000000000e+00
7.851472957930413221e-01
9.234478699970727344e-01
7.412734071354306620e-01
5.624043286832036692e-01
3.897262847410709607e-01
2.536284793247676195e-01
1.512309857113831035e-01
8.565240817744765311e-02
5.407558746703895053e-02
4.643542312963742230e-02
4.485473449280430458e-02
4.731323677058624916e-02
5.354210682677403021e-02
6.234343904483090337e-02
7.233148451257617739e-02
8.115636392769993990e-02
8.691299024217570557e-02
8.738605572889523998e-02
8.567961681780247862e-02
