0.000000000000000000e+00
7.506384840092623634e-01
7.900258969506023243e-01
5.022520365053492197e-01
2.810100283066871429e-01
1.287275209348349436e-01
4.865557444873400833e-02
2.104184682447165014e-02
2.196718810254847179e-02
2.654068844084080808e-02
2.931491211040591904e-02
2.984546279538701288e-02
2.849438053518491692e-02
2.710081417297316789e-02
2.602792096103136860e-02
2.758167293211338800e-02
2.956264047580985446e-02
3.263368324287004713e-02
3.500600151502474000e-02
3.778256595737040230e-02
