0.000000000000000000e+00
7.988287939596239173e-01
8.324095814321853526e-01
5.176983767895468880e-01
2.811671397779690884e-01
1.228337382746836903e-01
4.430096830789803652e-02
2.339069768983282824e-02
3.305191614823901891e-02
4.258015297529108706e-02
4.151965183386784747e-02
3.239830761436404000e-02
2.423457717985318463e-02
2.015723352156264733e-02
1.885648722336284722e-02
2.036334833939664607e-02
2.614963048190721215e-02
3.403339007845199160e-02
4.132360564112423640e-02
4.865429069816789437e-02
