0.000000000000000000e+00
7.555132399484831840e-01
8.473993249898961189e-01
6.161208907591292361e-01
4.100786433750545634e-01
2.379404787722678993e-01
1.250661406633726547e-01
5.857931075925314202e-02
3.374602664658923890e-02
3.391809678260518379e-02
3.619083233534759608e-02
3.797986567885330844e-02
3.942223036590324775e-02
4.054939504967009639e-02
4.258944780115357653e-02
4.650313371480510605e-02
5.040234662756804679e-02
5.377439384323397242e-02
5.467014196913252272e-02
5.382196438227578733e-02
