0.000000000000000000e+00
7.988146714932311543e-01
8.154863941684217243e-01
4.807732915783280436e-01
2.377174657415612180e-01
9.016019786735783581e-02
4.247939402600482695e-02
3.845107258709576370e-02
3.744709407587103883e-02
3.684881047261095305e-02
3.703001283923787468e-02
3.915183355752818728e-02
3.975448724515556753e-02
3.962930685555156318e-02
3.775754631605287431e-02
3.705369951858304006e-02
3.670492142138426922e-02
3.720724554571407799e-02
3.688952580411747340e-02
3.558536379166757357e-02
