0.000000000000000000e+00
7.427719744837456561e-01
8.458758581928071951e-01
6.335080942909901980e-01
4.381688842032413489e-01
2.669422124779699534e-01
1.465600816071112866e-01
6.583081725061415423e-02
2.841405038060482863e-02
2.659321198064832498e-02
3.356417215845031859e-02
3.920615299158305977e-02
4.127458427391930001e-02
4.173304596250840964e-02
4.111572093551808110e-02
4.178807841533604961e-02
4.397943437684965345e-02
4.862794842622381042e-02
5.174035684069526464e-02
5.489240996693123265e-02
