0.000000000000000000e+00
8.317347121049204484e-01
6.085121523317345016e-01
1.634627250087033745e-01
2.946972931994779749e-02
1.236637112714638123e-02
1.056630140685868406e-02
1.245934762184280724e-02
1.675615748780296191e-02
2.044762329007619034e-02
2.023220711999210164e-02
2.075885945445949538e-02
2.108899963433692737e-02
1.936268415890536609e-02
1.764217906486011817e-02
1.900891611974635242e-02
2.228943223948076993e-02
2.266869461391775309e-02
2.195603881979655767e-02
2.336861775603490607e-02
