0.000000000000000000e+00
7.786647648837924374e-01
8.993924077877120116e-01
6.911254332492389185e-01
4.913719679871379475e-01
3.064271077483575190e-01
1.681068053456478972e-01
7.263239916643364491e-02
2.707251561336638385e-02
2.961588373210191985e-02
4.097000134829523188e-02
4.405370633341883224e-02
4.162812681369773560e-02
3.780440075865325322e-02
3.752335066441445099e-02
4.222812493521648641e-02
4.956931954180682914e-02
5.828773740062834913e-02
6.485786601910616123e-02
7.080760447769984811e-02
