0.000000000000000000e+00
1.065535622800033000e+00
5.699286117881521285e-01
6.198800515818735785e-02
1.827568137389116651e-02
2.324660375152782024e-02
1.901894676060760306e-02
2.439302030589786743e-02
2.890233094402228434e-02
2.931704452899614247e-02
2.945467694853457288e-02
2.844361597771121603e-02
2.318179001922055990e-02
1.902878327595504751e-02
1.988071101096123075e-02
2.162632753706921623e-02
2.111305733564386791e-02
2.187140215495144563e-02
2.550897430104255917e-02
2.524831525267400012e-02
