0.000000000000000000e+00
7.883870456530721604e-01
9.092897597307065816e-01
6.992100584419908005e-01
4.993106539413374456e-01
3.170312198891129807e-01
1.848519896975054921e-01
9.539808375118338790e-02
5.340076462070905694e-02
4.136671368424659628e-02
4.193447254579960731e-02
4.251737261016841352e-02
4.404981662929489949e-02
4.804481202171651671e-02
5.462489433484524898e-02
6.403050393153389419e-02
7.260908069172529455e-02
7.834043972992286997e-02
7.814880727901699076e-02
7.480428060546170932e-02
