0.000000000000000000e+00
7.583282727100254528e-01
8.236781617555731794e-01
5.586990283646618982e-01
3.379924538121890087e-01
1.708860290561932949e-01
7.495314153523939538e-02
3.509769761486883355e-02
3.099210108068764860e-02
3.379200590146545780e-02
3.364593869532018361e-02
3.406929281694572736e-02
3.481041100196708565e-02
3.524493031653187780e-02
3.693751070965607675e-02
4.088157448128205973e-02
4.445323202870092583e-02
4.726411138312369697e-02
4.760701681472966768e-02
4.664404524374833605e-02
