0.000000000000000000e+00
7.655485641373682704e-01
8.986805879690078491e-01
7.162670765096192937e-01
5.368020702438400793e-01
3.638986357341265077e-01
2.279486705295515891e-01
1.264229046783235944e-01
5.923063508352598844e-02
2.533535552501934088e-02
2.386987382771921587e-02
2.962499959815399417e-02
3.499656401645600406e-02
4.103801913110466382e-02
4.778134702492126823e-02
5.530884349518672138e-02
6.267618018758699949e-02
6.932509704956681118e-02
7.352509402233133040e-02
7.624464519498362625e-02
