0.000000000000000000e+00
8.387960036861026314e-01
6.365403059483953907e-01
1.794379463773824179e-01
3.699902552581645077e-02
2.263573933409771324e-02
2.506000980697861008e-02
2.828820078820192332e-02
2.788255959278388915e-02
2.758925436421785782e-02
3.024717089013179150e-02
2.810950508487371560e-02
2.497549495950960111e-02
2.530982056709361189e-02
2.565928829467287869e-02
2.421217941043408289e-02
2.363730891981581303e-02
2.436588900659411236e-02
2.433853084275090783e-02
2.326999672263035598e-02
