0.000000000000000000e+00
7.423448405886179380e-01
8.588789608372267015e-01
6.647344272489801309e-01
4.800641657516016014e-01
3.102804473046318900e-01
1.836117762111131591e-01
9.314715462053120565e-02
3.791892352915879338e-02
2.714517844577168590e-02
3.353994416194921308e-02
4.131147371153034986e-02
4.533027858932803938e-02
4.708775936335123091e-02
4.720059170345251159e-02
4.783322391056170353e-02
4.996655582544896196e-02
5.472085010380004638e-02
5.799450273703660869e-02
6.103866682072578431e-02
