0.000000000000000000e+00
7.597834174042074062e-01
7.530572299886213461e-01
4.214035107078210052e-01
2.000713376802418786e-01
7.425766844204283179e-02
2.467014561510934637e-02
1.708743888994268892e-02
2.148277626216762992e-02
2.475355838646139950e-02
2.660608829428905836e-02
2.590863852833241374e-02
2.356845795708808686e-02
2.197614335221034776e-02
2.133093684193203970e-02
2.293959508167974989e-02
2.459507411087955703e-02
2.683723257093778222e-02
2.892084667457830646e-02
3.108777050812646867e-02
