0.000000000000000000e+00
1.205741082746564219e+00
5.516777507671317693e-01
5.146479858363324500e-02
4.373361331683874725e-02
3.649410928574506330e-02
3.739940175627448626e-02
4.960051660864350093e-02
4.911498240699439105e-02
4.796838884265102604e-02
5.324355286950534227e-02
4.742361051114445808e-02
3.579696363334444048e-02
4.253755268029277281e-02
4.188749489028795181e-02
3.884420714617876913e-02
3.783369197387161098e-02
4.027416457200368172e-02
4.056843668719449514e-02
3.812229335535884805e-02
