0.000000000000000000e+00
7.900623554944631310e-01
8.758733009880107501e-01
6.198321316822889004e-01
3.961867010268740330e-01
2.170238073800259127e-01
1.074846410580203582e-01
5.303258088461414860e-02
4.117051048837892108e-02
4.304464566832365974e-02
4.615746421098622376e-02
4.978702505266632133e-02
5.204952177869699714e-02
5.299677523103637350e-02
5.244321429055330552e-02
5.173754189370366463e-02
5.048329241966816733e-02
5.013614773709704903e-02
4.979186898261021149e-02
4.898699678156732962e-02
