0.000000000000000000e+00
7.645487164992499363e-01
9.045305224526933863e-01
7.329120163438196389e-01
5.618142092047518910e-01
3.932814186163013370e-01
2.566603353574229418e-01
1.509240809302246356e-01
7.689095468733023186e-02
3.256542860964191377e-02
2.374162605909569193e-02
2.983095008077878488e-02
3.680157708187243443e-02
4.479635205330752962e-02
5.245050340585452608e-02
6.022521295872989427e-02
6.760448164861763976e-02
7.422309288198512822e-02
7.836855318297986095e-02
8.108599691198527248e-02
