0.000000000000000000e+00
9.588122807558583371e-01
5.628583512128012556e-01
8.865520415377034502e-02
2.740581206257070718e-02
2.638293585369776151e-02
2.152594663844897838e-02
1.919494332061290331e-02
2.353009934196602718e-02
2.817222295903490034e-02
2.476956530032982731e-02
2.103769848256590094e-02
2.249836363118305066e-02
2.301988573568370181e-02
2.351081602889963651e-02
2.471421281147009180e-02
2.697843701584092674e-02
2.455301263766625913e-02
2.242117485896485268e-02
2.076120144872097006e-02
