0.000000000000000000e+00
7.916710655503250704e-01
8.657320542487282333e-01
5.946139311358198398e-01
3.647148444257768407e-01
1.886505476850679208e-01
8.820557893719166431e-02
4.619919235808659513e-02
4.056150896415013779e-02
4.189623854896030314e-02
4.423097862821061960e-02
4.734988687127835577e-02
4.930198969083499777e-02
4.994170685135890242e-02
4.913753152345653324e-02
4.826508057357100506e-02
4.718666131672247244e-02
4.711359650677093142e-02
4.672913260764943733e-02
4.597612514123770866e-02
