0.000000000000000000e+00
7.573313772357328499e-01
8.320535906411737903e-01
5.785736216469977711e-01
3.622510024660269834e-01
1.925735758699481104e-01
9.036354185045851473e-02
4.166233307911424572e-02
3.178004496653998728e-02
3.420823430066323445e-02
3.469992399817332929e-02
3.540464108917750624e-02
3.627152118034155520e-02
3.690633380069113095e-02
3.873818952559423406e-02
4.270049219280876857e-02
4.631213627267014021e-02
4.935178799950144801e-02
4.989673034068010243e-02
4.894180272072239796e-02
