0.000000000000000000e+00
7.565453610831364140e-01
8.386795379260147953e-01
5.945957832825180533e-01
3.823321544985770482e-01
2.112017350935474214e-01
1.042298432285154453e-01
4.819112052167752458e-02
3.249888857093465727e-02
3.429201755133694934e-02
3.545196072445352259e-02
3.651481743876477254e-02
3.755276678463276979e-02
3.836710263309935781e-02
4.029626583613812874e-02
4.425226422507120422e-02
4.797392135578035233e-02
5.116946863289083269e-02
5.185395220693042595e-02
5.092275474193944801e-02
