0.000000000000000000e+00
7.646407388998597288e-01
9.039619619896656078e-01
7.312922357445245103e-01
5.593585516647709976e-01
3.903584876896010747e-01
2.537586355580149222e-01
1.484022677641306243e-01
7.499062158355707108e-02
3.163732483142552704e-02
2.368361999460482509e-02
2.981029995944736374e-02
3.663775007880546580e-02
4.441917887722805769e-02
5.197252804652990194e-02
5.971712218207599066e-02
6.709090354559696379e-02
7.370806340812843804e-02
7.786588011870985981e-02
8.058384060546824879e-02
