0.000000000000000000e+00
7.799028075157846684e-01
8.960215603524311900e-01
6.810173129236423151e-01
4.771569528552975781e-01
2.913801174458731102e-01
1.550813797018359141e-01
6.414172595965896007e-02
2.551712296833753835e-02
3.162423731132036481e-02
4.216179943078774556e-02
4.357325451578644704e-02
4.005490414928725845e-02
3.560583501284324270e-02
3.514191544230500092e-02
3.980848685935532705e-02
4.716239118184942236e-02
5.594404542396536062e-02
6.257308850402409917e-02
6.863564320634640836e-02
