0.000000000000000000e+00
1.548645577747541413e+00
6.117590128812969708e-01
6.897044285771358751e-02
5.828623734772518661e-02
5.076414565472496532e-02
5.786727960623874734e-02
5.478425157335978235e-02
6.649027395239227867e-02
8.960725055939765260e-02
7.930371533095445513e-02
6.001487029889369246e-02
6.801087601411746897e-02
6.120015464057993598e-02
6.990712725909073444e-02
6.512832128857075353e-02
6.526856179176908357e-02
5.896721840692468325e-02
6.123559591669895663e-02
5.481010636219581927e-02
