0.000000000000000000e+00
7.867705749459124043e-01
9.165687817772134593e-01
7.205155087869176134e-01
5.308025680943223579e-01
3.526175453191733866e-01
2.177439059011675171e-01
1.211733687805781751e-01
6.746627658838089125e-02
4.649295993214160039e-02
4.372017783464596241e-02
4.342473817084280957e-02
4.567894781468305465e-02
5.065891862152760439e-02
5.816613596861951174e-02
6.782653980959528484e-02
7.659287650436417960e-02
8.236589980404519784e-02
8.245143341669446124e-02
7.966308173587056951e-02
