0.000000000000000000e+00
7.424888250630521380e-01
8.524600893040311655e-01
6.493042820983723207e-01
4.591529127074965855e-01
2.883318897879723064e-01
1.645306818004370619e-01
7.874700158660077887e-02
3.234340382855276780e-02
2.645492127298911325e-02
3.352141104300252611e-02
4.032584098133247530e-02
4.329441750917310816e-02
4.431424330027620290e-02
4.403637061271944986e-02
4.465537159712625048e-02
4.681950912518725166e-02
5.152520334663427543e-02
5.475150164967353128e-02
5.786159675438582589e-02
