0.000000000000000000e+00
7.845674455892793775e-01
6.891178171420754284e-01
2.863533219857142820e-01
8.204471278054353833e-02
2.202700147402702341e-02
1.960822693080186557e-02
1.968450809229345747e-02
2.001086405136771884e-02
2.071619962212675400e-02
2.092028920505481157e-02
2.183079301648439483e-02
2.188392307835948167e-02
2.115317505675344545e-02
2.266317261598462668e-02
2.647681812644341395e-02
2.898894790381308095e-02
2.927726215717130556e-02
2.678478220452483807e-02
2.545527734728532041e-02
