0.000000000000000000e+00
7.544124641422658151e-01
8.563367695150030379e-01
6.388101577070535164e-01
4.403165400654773243e-01
2.683783817407190408e-01
1.500272890015214855e-01
7.247768630925420508e-02
3.796090605331278039e-02
3.408039451895872318e-02
3.646684667505321192e-02
3.939428450001117299e-02
4.155978715184648759e-02
4.317897409206814668e-02
4.541841537200469459e-02
4.916936923915739971e-02
5.323147759775684329e-02
5.679687218594232923e-02
5.797700141335808410e-02
5.727701015148229519e-02
