0.000000000000000000e+00
7.651431100614982661e-01
9.009551281522121258e-01
7.227395852385696262e-01
5.464720652736233530e-01
3.751574965616523150e-01
2.388306501058779785e-01
1.355901564823507877e-01
6.567526225374459292e-02
2.760906435214604757e-02
2.363312294243944886e-02
2.969794409759964407e-02
3.572414186947582559e-02
4.246111206417976791e-02
4.953140541519313045e-02
5.714481513216470437e-02
6.450840373487008728e-02
7.113957967391998372e-02
7.532589917358546716e-02
7.804691120373588586e-02
