0.000000000000000000e+00
7.872283713016484663e-01
8.745598434227428442e-01
6.205022206707080379e-01
3.973631056167397091e-01
2.139310865791771155e-01
9.544718309342645202e-02
3.448346690691937028e-02
2.723483413814941842e-02
4.018035081319881741e-02
4.438087347411768385e-02
3.933500982030362081e-02
3.168352078440531128e-02
2.561770679580186241e-02
2.500152656523727326e-02
2.931771735231537834e-02
3.641437479809393057e-02
4.515010119720470200e-02
5.195347889837407390e-02
5.902574632134150595e-02
