0.000000000000000000e+00
7.665685907736420335e-01
8.932220596491213804e-01
7.008262759778319806e-01
5.140629615927071461e-01
3.379607122319575607e-01
2.034839076211223396e-01
1.063838165078552223e-01
4.599069447648402448e-02
2.116578076353823473e-02
2.459087098043527889e-02
2.960474002424900997e-02
3.335723870361376187e-02
3.795873773530238776e-02
4.404123144654082528e-02
5.133263319139302894e-02
5.869865279293948884e-02
6.535963061912163086e-02
6.956951400111772987e-02
7.227292275257696241e-02
