0.000000000000000000e+00
7.719320671591130001e-01
7.352426104073629398e-01
3.708268416736881234e-01
1.442830550897548081e-01
4.167650590929908305e-02
2.250981418641947313e-02
2.244227365447747091e-02
2.358483478768455890e-02
2.412775333277811934e-02
2.387031979038801988e-02
2.453492385843735954e-02
2.494011082469104607e-02
2.441228644132651185e-02
2.544860019022823772e-02
2.902514370338260194e-02
3.200442140960169102e-02
3.323312156287437646e-02
3.163919252516383257e-02
3.042496032715216042e-02
