0.000000000000000000e+00
7.930429503136117164e-01
8.829699036485499919e-01
6.279994688027478178e-01
4.011617211039951725e-01
2.156665301151916014e-01
1.005331401703982858e-01
4.546659275144593337e-02
3.367072954139664620e-02
3.641895945041050825e-02
3.922115618361432521e-02
3.970581315339745399e-02
3.947502791593356791e-02
4.095817601311340511e-02
4.568622349245850950e-02
5.431211032771338099e-02
6.274592274408180570e-02
6.829400951421547850e-02
6.739233405757512341e-02
6.327868190379737356e-02
