0.000000000000000000e+00
7.932519684322495435e-01
8.541260062240703110e-01
5.683414673778891535e-01
3.354844364595381823e-01
1.621788645275772933e-01
6.287847149419936721e-02
2.562064008442881818e-02
3.119352043536079491e-02
4.258358654763817752e-02
4.330998748160529155e-02
3.551678393647655918e-02
2.719773798114206650e-02
2.184482454172380350e-02
2.050219144495602289e-02
2.368016951432240849e-02
3.037455350440461041e-02
3.872168837497010768e-02
4.572246072223738050e-02
5.322095143174337961e-02
