0.000000000000000000e+00
7.764771899244741205e-01
9.053640138929888170e-01
7.093565000244642649e-01
5.176478305667407964e-01
3.351965152791138713e-01
1.940067717506210321e-01
9.103946342165795957e-02
3.314546679077098185e-02
2.585645726576246348e-02
3.774123460206619401e-02
4.446910927110270945e-02
4.449359354033320668e-02
4.222347379649237648e-02
4.244514911135215118e-02
4.720354067855695585e-02
5.448376553421410695e-02
6.301259124530622646e-02
6.951372263831412379e-02
7.536986715827771743e-02
