0.000000000000000000e+00
7.645581208824915320e-01
7.369757253234650030e-01
3.882931002638781992e-01
1.705980096115948808e-01
5.768726969801600546e-02
1.968017585060403279e-02
1.650902879066517767e-02
2.117136360363486985e-02
2.408056193943196310e-02
2.561008168789863718e-02
2.461529013540315197e-02
2.216615559962610560e-02
2.046092271272045154e-02
1.982605324012579398e-02
2.145601297600348983e-02
2.302031478170932580e-02
2.507881954057597160e-02
2.703711553668039849e-02
2.896529065264103267e-02
