0.000000000000000000e+00
8.048059857915185189e-01
7.743732062862420662e-01
3.983655464540918345e-01
1.607659907174045222e-01
5.213328999678117082e-02
3.385657017636189980e-02
3.522403489982045555e-02
3.428024319723087243e-02
3.356425085847056927e-02
3.346859001954195084e-02
3.509864961555339558e-02
3.481161865158736990e-02
3.418193975656388939e-02
3.184463753961828958e-02
3.139592710267342934e-02
3.150287442642102365e-02
3.237089277204172749e-02
3.200329104264337116e-02
3.052509469129669264e-02
