0.000000000000000000e+00
7.947747096745226836e-01
6.623196791911897252e-01
2.507843659589026886e-01
7.188759239223761754e-02
2.075613994641554994e-02
1.278033258955236194e-02
1.528397205544977135e-02
2.003612390798933246e-02
2.248248870571584526e-02
2.275411473924933078e-02
2.096001496875283393e-02
1.834923549834665754e-02
1.605813795328439944e-02
1.561101677813571051e-02
1.745283688671813230e-02
1.830527741511933301e-02
1.996087608200564772e-02
2.179823895749727347e-02
2.299496381742335144e-02
