0.000000000000000000e+00
8.251516017781840295e-01
6.856807281933394727e-01
2.429058620520230249e-01
5.659339519287438086e-02
2.376651003139810744e-02
2.349653027728439147e-02
2.200317099591059603e-02
2.260646910068246987e-02
2.477873347378491825e-02
2.946463696685326997e-02
3.258517967345699040e-02
3.312659564472328344e-02
2.989664928925604009e-02
2.648986758850435663e-02
3.235492627241795538e-02
4.199854846357423815e-02
4.267682786988905019e-02
3.560405695354281613e-02
3.201765270041851547e-02
