0.000000000000000000e+00
7.897029137149549349e-01
9.028197509847469826e-01
6.808915610982664290e-01
4.730265280281417684e-01
2.884425209797246148e-01
1.595846658265761830e-01
7.816109984044551651e-02
4.514827518338931922e-02
3.899356782230829765e-02
4.090027350901868225e-02
4.172981571267501272e-02
4.274102051286628179e-02
4.599929435723613264e-02
5.198759150845947558e-02
6.115627087483917201e-02
6.964997454045580849e-02
7.531986511016899866e-02
7.501530901170234966e-02
7.140933663927237496e-02
