0.000000000000000000e+00
7.611424011913481280e-01
7.483194705048681339e-01
4.115117777033781010e-01
1.910400569649754465e-01
6.898409277027145459e-02
2.294392265281548771e-02
1.691979837757308369e-02
2.139962886727582447e-02
2.455353966325720533e-02
2.630313258973883406e-02
2.550520358917989297e-02
2.313064211384779911e-02
2.150833558704096093e-02
2.086461050567339770e-02
2.247473098513849341e-02
2.410053807610021068e-02
2.628403465834672562e-02
2.832332309987597996e-02
3.041328243306112844e-02
