0.000000000000000000e+00
7.542192171409506374e-01
8.578747473661716416e-01
6.427794051214641424e-01
4.457111011101210774e-01
2.739506039302249674e-01
1.547364546583482880e-01
7.581784824251884547e-02
3.933475089928504392e-02
3.413154909503919587e-02
3.644670928317540054e-02
3.961572239692134900e-02
4.194677701374891626e-02
4.368307304101514549e-02
4.597134303588060883e-02
4.968976974048262135e-02
5.377411925948832189e-02
5.736288935910293513e-02
5.861121974884930114e-02
5.794468101880822369e-02
