0.000000000000000000e+00
7.645944289231622060e-01
9.042475796010277511e-01
7.321057524878955558e-01
5.605912398636485605e-01
3.918246632840310939e-01
2.552128918859751239e-01
1.496648657778300306e-01
7.594102942773361953e-02
3.210103786716531071e-02
2.371280122838093085e-02
2.982121302753748537e-02
3.672042224824218631e-02
4.460834779467789946e-02
5.221192686077568562e-02
5.997143264261887291e-02
6.734791752400481890e-02
7.396582688907880898e-02
7.811751280084190674e-02
8.083524889856011364e-02
