0.000000000000000000e+00
8.566552026644731477e-01
6.021443932189429749e-01
1.394021927239486314e-01
2.856275271306009042e-02
2.239936251364032377e-02
2.395556399544721687e-02
2.812063893979118920e-02
2.820755010740166532e-02
2.726486035870265973e-02
3.057125875092733813e-02
2.755866199804200140e-02
2.345663596947660315e-02
2.465506047464658540e-02
2.569923684426065821e-02
2.360840319178030694e-02
2.307979412704347366e-02
2.435126617944893823e-02
2.419117449839508494e-02
2.303537215074064060e-02
