0.000000000000000000e+00
8.318108813498754639e-01
6.552879310449621908e-01
2.043879399264040275e-01
4.526536282687153995e-02
2.304228811970448695e-02
2.585086535870803268e-02
2.875709002896053787e-02
2.810028525394563798e-02
2.784943879043702553e-02
3.032729418742814015e-02
2.863460608103825591e-02
2.596022182645185694e-02
2.589989182473037901e-02
2.579714545693874081e-02
2.470384261641107165e-02
2.409643471378507262e-02
2.481476451547739992e-02
2.480954546584198880e-02
2.361870703511750186e-02
