0.000000000000000000e+00
7.841021992421987052e-01
8.841440205901766047e-01
6.467020986743625688e-01
4.308036144764645359e-01
2.449158192086645092e-01
1.175058709467838303e-01
4.335359118153287589e-02
2.490897346696634845e-02
3.738505229795465595e-02
4.415227916622672250e-02
4.129119283195657047e-02
3.503608963979554236e-02
2.936673492703983229e-02
2.874145003211436844e-02
3.319659736499276648e-02
4.041917271465279154e-02
4.924885237408210825e-02
5.593347675267823504e-02
6.259131347577721882e-02
