0.000000000000000000e+00
7.578848970074174574e-01
8.274167781482775208e-01
5.675149125706844266e-01
3.486633421114520015e-01
1.803148461093839472e-01
8.155207168327917311e-02
3.785112658538331010e-02
3.129070362447196330e-02
3.401420748918055487e-02
3.411920526821771160e-02
3.464787153964819094e-02
3.544259779253533527e-02
3.596290601450293639e-02
3.771670796120156488e-02
4.167290587692783210e-02
4.525429675311662403e-02
4.816676693242170210e-02
4.860452053658943783e-02
4.764485822189377939e-02
