0.000000000000000000e+00
8.102014355115089161e-01
7.801881181069276749e-01
4.055043219474377958e-01
1.727331784650025515e-01
6.501403417682286023e-02
3.454870566353549638e-02
2.656717206738113540e-02
2.102168623975151501e-02
1.976174346974230930e-02
2.426974366893047685e-02
2.925596287949381452e-02
2.930804665371321630e-02
2.626462428744882893e-02
2.382070643022517198e-02
2.324218167969357637e-02
2.460728208538267431e-02
2.638625138245484850e-02
2.782096470131391330e-02
3.291171907801915264e-02
