0.000000000000000000e+00
8.072785693447346311e-01
7.590089745955956868e-01
3.697515362570427122e-01
1.370738048851743995e-01
4.260293813165520055e-02
3.243843114027090274e-02
3.406753393361780513e-02
3.305973197079117853e-02
3.255889595887243027e-02
3.266973533053865730e-02
3.394455338215198598e-02
3.333767230712614965e-02
3.251306133559366679e-02
3.021873926934106475e-02
2.985509376382333366e-02
2.998958946908508033e-02
3.092018437298673511e-02
3.060884480566384777e-02
2.913545249199432294e-02
