0.000000000000000000e+00
7.918659165855658211e-01
8.906706144178480056e-01
6.479657359152197760e-01
4.276113300351557789e-01
2.415314426321197305e-01
1.206140728392689349e-01
5.565695922485863062e-02
3.634831492347163212e-02
3.689062556741270343e-02
3.982886348593221021e-02
4.047824801738142408e-02
4.061406113085581915e-02
4.271499221049014638e-02
4.787892299246998551e-02
5.669275833664457614e-02
6.510348937957573245e-02
7.074718080498820783e-02
7.007728234276480728e-02
6.609879477543251225e-02
