0.000000000000000000e+00
8.122262115924753223e-01
7.709175768140021923e-01
3.941846324980476934e-01
1.706594878649032587e-01
6.125570395636326798e-02
2.238187372271083220e-02
1.977653489760555772e-02
3.200445425430256674e-02
3.951381031999860738e-02
3.653069490078175718e-02
2.724981807485074917e-02
2.119384421481089464e-02
1.950026248973150966e-02
1.866667585026740919e-02
1.780553735865956014e-02
2.037419684826155195e-02
2.660190134303241569e-02
3.439614708280943484e-02
4.019498376346321983e-02
