0.000000000000000000e+00
7.577895798311380382e-01
8.282161884429053433e-01
5.694118800971462724e-01
3.509781426292641893e-01
1.823832632943812038e-01
8.302098102887484066e-02
3.847148523159273775e-02
3.137511594541770449e-02
3.405448736624706874e-02
3.422166457687399188e-02
3.477688373299526320e-02
3.558184012723678014e-02
3.612124016405892507e-02
3.788878990754820930e-02
4.184661144914696151e-02
4.542935929234952208e-02
4.836510627682788499e-02
4.882284639726158088e-02
4.786395150548956173e-02
