0.000000000000000000e+00
7.683682194478106409e-01
8.840802005811139175e-01
6.753573144612698975e-01
4.776055834832473312e-01
2.980117295279647305e-01
1.675575225602620177e-01
7.873447867574277781e-02
3.044745693718388727e-02
1.978023389371180718e-02
2.609540341654342441e-02
2.912822315998586653e-02
3.074449370093912740e-02
3.364263485299662931e-02
3.886920947027677764e-02
4.596130623906408835e-02
5.336739088533615227e-02
5.987425811665697539e-02
6.390105299562837127e-02
6.656019667183431243e-02
