0.000000000000000000e+00
7.690581044829479795e-01
8.806358268693477154e-01
6.659189215541845286e-01
4.644403157176270613e-01
2.841034042109755742e-01
1.555874143287789557e-01
7.008059891491912052e-02
2.646550690156375743e-02
2.046230706464457691e-02
2.658354516206183280e-02
2.886068115778596399e-02
2.982657426387170727e-02
3.226404754182658763e-02
3.723622543409032398e-02
4.427144478047888299e-02
5.164841314792504440e-02
5.808697702497446491e-02
6.203723047112424255e-02
6.466393261229909373e-02
