0.000000000000000000e+00
7.818609053567928679e-01
8.068576574101357091e-01
4.875434416579056407e-01
2.501391436880090469e-01
9.858106871370361790e-02
2.946470828590770641e-02
1.155514877511288827e-02
1.895478851447137889e-02
2.497695970923962880e-02
2.547111831569076265e-02
2.272481250550787910e-02
2.061318738558174171e-02
1.986537849453709481e-02
2.121577324260513764e-02
2.678087333928046154e-02
3.263235614794350592e-02
3.699285578319503470e-02
3.932676424563735090e-02
4.171031632930494865e-02
