0.000000000000000000e+00
8.302404251516805056e-01
6.933135857745357233e-01
2.683361209492746702e-01
8.857000796458540381e-02
3.295250337258853052e-02
1.624265780315324592e-02
1.866661030122378911e-02
3.023742736764793368e-02
3.558788089123165327e-02
3.217369521754078615e-02
2.461723864866718209e-02
2.087254241101354005e-02
1.998865100351120139e-02
1.993768362556025756e-02
1.842986492192731987e-02
1.788230666684546485e-02
2.259392291684743023e-02
3.034705951883065814e-02
3.429086715282009257e-02
