0.000000000000000000e+00
7.916262073462322357e-01
8.660252471788376649e-01
5.953302830007944912e-01
3.655918068355805128e-01
1.894208914532842791e-01
8.867553310078635231e-02
4.632542834400346643e-02
4.057438776087382570e-02
4.192979937725590384e-02
4.428407945602609586e-02
4.741681731023785623e-02
4.937678300912230062e-02
5.002476222661324246e-02
4.922613537672801409e-02
4.835829172612762100e-02
4.727486976589101442e-02
4.719498526479287692e-02
4.681088615436956868e-02
4.605752683871303793e-02
