0.000000000000000000e+00
7.557808313033247405e-01
8.451440446623741387e-01
6.105015014319812305e-01
4.027478778310771279e-01
2.307648273455504273e-01
1.193717755684130244e-01
5.565486620848097282e-02
3.329254461196002463e-02
3.407014463380954317e-02
3.603525236085183131e-02
3.760440615047106611e-02
3.891800216784678523e-02
3.995289976235674723e-02
4.196636736902924214e-02
4.589535686735301406e-02
4.974836498293989939e-02
5.307631468125101337e-02
5.391269706758934632e-02
5.303620059025106193e-02
