0.000000000000000000e+00
7.466815214687423374e-01
8.110418337579389236e-01
5.507365399512884618e-01
3.354422550707510386e-01
1.720318702744356998e-01
7.533073569171214179e-02
2.801490401611239980e-02
2.156602131595445129e-02
2.730154176130144064e-02
3.117038185082448079e-02
3.288813248574354309e-02
3.241150566569604707e-02
3.137397782104206501e-02
3.017761090767035956e-02
3.144823160976187998e-02
3.357369790194562886e-02
3.731662091165213052e-02
3.996650797353394624e-02
4.295079042716778983e-02
