0.000000000000000000e+00
7.538793170787736475e-01
8.605849055552872162e-01
6.498145232318967013e-01
4.553470258727457254e-01
2.840082560032466397e-01
1.633414597288793957e-01
8.212985499421207591e-02
4.213469231456091341e-02
3.428922447632331422e-02
3.640340127072418108e-02
3.998072609389121540e-02
4.263890671224006279e-02
4.460331559792218153e-02
4.699846640507478190e-02
5.065594090421057794e-02
5.476754494974464538e-02
5.844701282974962969e-02
5.978407611985415981e-02
5.916918325828121605e-02
