0.000000000000000000e+00
7.901897855250290537e-01
9.002741657062666158e-01
6.738369925874492239e-01
4.631003231294286704e-01
2.779185335104922272e-01
1.505628084751814699e-01
7.256947168988582553e-02
4.264803783857701314e-02
3.822322704862329140e-02
4.056516929264011861e-02
4.144603835863845676e-02
4.226055833684497220e-02
4.525766332713365703e-02
5.105948440876954819e-02
6.013667751954371310e-02
6.861283772718795859e-02
7.427916696090716697e-02
7.389494325517559359e-02
7.019875461447971920e-02
