0.000000000000000000e+00
7.537307587760720962e-01
8.617766910405231240e-01
6.529231675288565961e-01
4.596342589116529931e-01
2.885249840122750542e-01
1.672488524126412301e-01
8.504072885099062118e-02
4.345157891318155580e-02
3.438449186107568611e-02
3.638796507787246670e-02
4.012947871286930146e-02
4.294665494808496548e-02
4.503644926511606028e-02
4.748622799651899817e-02
5.111073106810705424e-02
5.522221278847753989e-02
5.895142928953577000e-02
6.031616986942412578e-02
5.973434164709193195e-02
