0.000000000000000000e+00
8.384878138185987151e-01
6.745487631216929847e-01
2.349708936877883125e-01
6.615986985616112426e-02
2.998395881531868215e-02
2.873565831732143028e-02
2.180885129334397821e-02
1.780384590163538658e-02
2.044470607512765756e-02
2.799824571763380107e-02
3.030234441662547212e-02
2.798116272531326124e-02
2.506701088256555951e-02
2.088396262307101389e-02
1.953896546203313239e-02
2.088572133292761895e-02
2.378759760990104000e-02
2.523122599071832978e-02
2.919225027672175607e-02
