0.000000000000000000e+00
8.044099229273607987e-01
7.968172729562251755e-01
4.333440624869309143e-01
1.829357296146448819e-01
5.065022242170073852e-02
2.008418142343765256e-02
2.271551512316698912e-02
2.597090278806063815e-02
2.923167550224684691e-02
3.248374445505478741e-02
3.438699897511839076e-02
3.365589594991126587e-02
3.082866529560797028e-02
3.101430762959409698e-02
3.880996556495844990e-02
4.746012496630208632e-02
5.091968214373713414e-02
4.711642771807432462e-02
4.344073878505680386e-02
