0.000000000000000000e+00
7.857795384013088746e-01
6.856346798349826077e-01
2.803174284952483775e-01
7.881006925758857196e-02
2.160153750838721132e-02
1.947248967115507157e-02
1.951560447368983278e-02
1.977844440148643704e-02
2.055235991945266252e-02
2.076714794764993391e-02
2.167240503976462784e-02
2.168890066346719492e-02
2.094334785464691331e-02
2.249825497064742580e-02
2.632145549794934897e-02
2.880196558087162739e-02
2.902913427461329549e-02
2.648815153591738830e-02
2.514562847909931897e-02
