0.000000000000000000e+00
7.634584612692723038e-01
7.826688121682814359e-01
4.671391897214969280e-01
2.355091969512212446e-01
8.963282822886782519e-02
3.500933108009841865e-02
2.660300692160006905e-02
2.807701623470025554e-02
2.952407478247535619e-02
2.852678560385707440e-02
2.880360688414350390e-02
2.932288833332219111e-02
2.917736693315583010e-02
3.043301578953859152e-02
3.407431821178242420e-02
3.722791196129646152e-02
3.942221031120691360e-02
3.879788758649696523e-02
3.768601381494404018e-02
