0.000000000000000000e+00
7.442054038331195054e-01
8.283927818533595167e-01
5.918147705588503449e-01
3.849200263920733445e-01
2.156803919310276985e-01
1.062537838611149060e-01
4.049331213774393784e-02
2.290556595571114143e-02
2.726460481067696090e-02
3.261735776864732594e-02
3.597671377177646262e-02
3.644099850820627789e-02
3.591951261471560547e-02
3.479705619409830669e-02
3.580367364929049057e-02
3.799616974231045941e-02
4.226845898745511254e-02
4.518975457470431750e-02
4.827511472032225415e-02
