0.000000000000000000e+00
8.001230791811378973e-01
8.288735969168016249e-01
5.004661473034336394e-01
2.501520335275331797e-01
8.899367732522485419e-02
2.968954335981036780e-02
2.303546778474498125e-02
2.818104875911392471e-02
3.201984868347963753e-02
3.438150482676301939e-02
3.564790631309963653e-02
3.453925391748046553e-02
3.274095476947078143e-02
3.501848160673902421e-02
4.290586805996405434e-02
5.131913552816510377e-02
5.580804849093369546e-02
5.310840573360239153e-02
4.919395680159678597e-02
