0.000000000000000000e+00
7.456296873999368469e-01
8.177625521732834191e-01
5.665543340898342439e-01
3.541345009361137608e-01
1.880579623115366805e-01
8.628869507295060248e-02
3.190584908442884587e-02
2.169347640266942531e-02
2.735923393927566435e-02
3.173821625325197460e-02
3.402388530112927106e-02
3.388435778156188155e-02
3.301570997996528672e-02
3.180333420581386156e-02
3.297194988418092332e-02
3.515413665124712123e-02
3.910769554871902642e-02
4.186951338561538394e-02
4.488872602427524533e-02
