0.000000000000000000e+00
7.848122085972059070e-01
9.248256837853440215e-01
7.455025803876778046e-01
5.689517566869514154e-01
3.975857736629864747e-01
2.614287981760977098e-01
1.579651494055808458e-01
9.008725620683066815e-02
5.607625922707348137e-02
4.718952910518702665e-02
4.529063422378019205e-02
4.766805637843554017e-02
5.417511450676795737e-02
6.330595279326178826e-02
7.342844368281863099e-02
8.223823685082738699e-02
8.796297025574095763e-02
8.857279582070151647e-02
8.712295710124499937e-02
