0.000000000000000000e+00
7.553828759513191438e-01
8.484870578136205488e-01
6.188460825640108576e-01
4.136564863097020317e-01
2.414716569425419956e-01
1.278953384730911469e-01
6.004480329054640020e-02
3.409762030438227148e-02
3.391449596694635221e-02
3.625524406219220175e-02
3.815939394613949986e-02
3.967076078972456982e-02
4.084565697433834019e-02
4.289827240822615545e-02
4.680351279449326829e-02
5.072496409178211402e-02
5.411794855037484198e-02
5.504314156222211291e-02
5.420993925671013097e-02
