0.000000000000000000e+00
8.069415076430856981e-01
7.610406242108516128e-01
3.734703004414528515e-01
1.400636270992426657e-01
4.376802287620390475e-02
3.261748161986622457e-02
3.421843788586905605e-02
3.321259923224385846e-02
3.266767477859581353e-02
3.274850591486470897e-02
3.409074257628356974e-02
3.352482795637534013e-02
3.271583454652596257e-02
3.041421197888807132e-02
3.004865091596357896e-02
3.017920351432796730e-02
3.110285592354316078e-02
3.078585002891918998e-02
2.931144124144818841e-02
