0.000000000000000000e+00
7.982572853234223276e-01
8.434419803467460008e-01
5.329402441578523497e-01
2.857156909637713071e-01
1.155340426860402558e-01
4.102153861952920200e-02
2.463987527696432853e-02
2.906315584671733537e-02
3.336846718008332907e-02
3.556738650353540032e-02
3.631019293888236577e-02
3.520570943229545113e-02
3.435376463039619549e-02
3.731830832490122540e-02
4.531972353170540119e-02
5.379779374067149289e-02
5.860908708764917679e-02
5.634742820735307023e-02
5.234550174652328330e-02
