0.000000000000000000e+00
7.729207868347469645e-01
9.155901967872608349e-01
7.412596076209874152e-01
5.654893484157411665e-01
3.905631846805633911e-01
2.471770408467039715e-01
1.356187481340193068e-01
5.786412985594114461e-02
2.411501250535977997e-02
2.927751458507487844e-02
4.279693845501808536e-02
4.903391406786510726e-02
5.109857200809187622e-02
5.303140138700719597e-02
5.820409875274191319e-02
6.536069073838698951e-02
7.341475287867943456e-02
7.955361972109514790e-02
8.497345896027942713e-02
