0.000000000000000000e+00
7.567836975892526796e-01
8.366741679703348922e-01
5.897160881365497431e-01
3.761651119152467082e-01
2.054159184402921390e-01
9.986373193615290245e-02
4.611291769948934471e-02
3.228624650751381331e-02
3.429555873389206894e-02
3.523729423888426887e-02
3.617653801582641770e-02
3.715275750169142605e-02
3.790890767833321462e-02
3.980964172941885842e-02
4.376957442745805366e-02
4.745093755564149668e-02
5.060377876801852581e-02
5.124713543267096771e-02
5.030702950064957352e-02
