0.000000000000000000e+00
7.609098185096498934e-01
8.019890504828471878e-01
5.092107229982177907e-01
2.807209442113168252e-01
1.233441438016162905e-01
5.013796073087382205e-02
2.861491436773008420e-02
2.937339205953827526e-02
3.177503127124023385e-02
3.084132628884484612e-02
3.106570963549342215e-02
3.163946826607391682e-02
3.173158788534814062e-02
3.317976320875286322e-02
3.697371915881706578e-02
4.033225413076803323e-02
4.279328084931829923e-02
4.248284990246136567e-02
4.150195499961216450e-02
