0.000000000000000000e+00
7.922225134099220023e-01
8.620857165152331358e-01
5.857656399239689060e-01
3.539668125843533075e-01
1.793089608551837744e-01
8.281169708280151920e-02
4.488454952916269558e-02
4.039113710855678219e-02
4.147317199873450100e-02
4.357642127618339967e-02
4.653329128319573516e-02
4.839149108766886698e-02
4.893293308976086331e-02
4.806486309328055623e-02
4.713860473243656340e-02
4.611987832049699310e-02
4.612595589143657360e-02
4.573665467760941461e-02
4.498934758847714099e-02
