0.000000000000000000e+00
7.588517891362285273e-01
8.192338806933160411e-01
5.483363033179298185e-01
3.256312167001317870e-01
1.601828337834995952e-01
6.846541142843969030e-02
3.293624985807909467e-02
3.072047847091974662e-02
3.346495242262944453e-02
3.306597780160064337e-02
3.339950668553323676e-02
3.409695324741996575e-02
3.444306508660394811e-02
3.608647181905259849e-02
3.999714675567262595e-02
4.353857104022169217e-02
4.627685766591960875e-02
4.646850569925315561e-02
4.550193705497793811e-02
