0.000000000000000000e+00
9.464434150278806523e-01
5.562064255609779906e-01
9.253895654368936297e-02
2.641856959430478879e-02
2.842642206906964217e-02
3.093002044149133906e-02
2.207990473275961082e-02
2.396604439492803704e-02
2.834520367905967245e-02
3.894746090706251856e-02
3.636708750346513003e-02
3.286072748208988814e-02
2.853136834248689788e-02
2.253169144653827116e-02
2.157811323788031560e-02
2.329990092878978306e-02
2.741802816344112229e-02
2.887669362511282797e-02
3.053818236199620437e-02
