0.000000000000000000e+00
8.170755120348354161e-01
7.213790533513357861e-01
2.972950531354093817e-01
8.041772859584843391e-02
2.143053577909467128e-02
2.176865805386986319e-02
2.226488926404963237e-02
2.291200473623016681e-02
2.520636005654018630e-02
2.977333001861898198e-02
3.295377023054960053e-02
3.296029060018014489e-02
2.953630849701522829e-02
2.716754699980712326e-02
3.377612668220889014e-02
4.342225034456449750e-02
4.449722223730043918e-02
3.836603800639308559e-02
3.460519913694907329e-02
