0.000000000000000000e+00
7.426326853229517910e-01
8.488040438332211668e-01
6.405205693224620411e-01
4.474275434205163271e-01
2.762972406045641205e-01
1.543393498886435622e-01
7.129036375443312257e-02
2.988225571523107915e-02
2.645809846553268813e-02
3.356743197238565984e-02
3.971222731240120485e-02
4.215566811346065784e-02
4.284780563003973142e-02
4.237511384730379554e-02
4.302085581950462756e-02
4.520121682772713922e-02
4.987685866863222212e-02
5.304376225133891620e-02
5.617577792103937290e-02
