0.000000000000000000e+00
8.222495087716072959e-01
7.280827902284191522e-01
3.145569174075656393e-01
1.086308437624068646e-01
4.029750974140212938e-02
3.007512782315706693e-02
2.382214598461048286e-02
1.883449140838205221e-02
1.919678193725704585e-02
2.569002873956451050e-02
2.979782070952467429e-02
2.868062682658695933e-02
2.511169322037358487e-02
2.182656801444547365e-02
2.085201690977498204e-02
2.233598287725576531e-02
2.479576115886677340e-02
2.609117969836240863e-02
3.058188111578531709e-02
