0.000000000000000000e+00
7.433147242754890582e-01
8.374863391568521109e-01
6.134870453528425971e-01
4.122185676703861157e-01
2.414174723529620981e-01
1.259900042704897305e-01
5.188987405218129650e-02
2.501393276909971361e-02
2.701241963565837248e-02
3.327807288709674211e-02
3.768253326997177133e-02
3.886151215783940904e-02
3.876992992719162368e-02
3.780996349205152651e-02
3.864525888175870949e-02
4.087376716624816636e-02
4.535555409911164876e-02
4.834741238605760882e-02
5.152693632016844966e-02
