0.000000000000000000e+00
8.080970692014024515e-01
6.394612347353226811e-01
2.039411417333756027e-01
4.565766751076109214e-02
2.061090505354063601e-02
1.911616537884886641e-02
1.751856614336232132e-02
1.862721962767475634e-02
1.995749132780356982e-02
1.966254253610318428e-02
2.002216015770718130e-02
2.003496529493609471e-02
1.922990694104089598e-02
2.096427793517476046e-02
2.461025826881715201e-02
2.683650749354504414e-02
2.621169086630728215e-02
2.338649859355238642e-02
2.191881169849638211e-02
