0.000000000000000000e+00
7.666065702826946326e-01
8.930246079724919461e-01
7.002704226065774584e-01
5.132530841148862377e-01
3.370510480564507527e-01
2.026416719728145743e-01
1.057086192784499473e-01
4.555670977271099320e-02
2.104873875309908743e-02
2.461908264987431802e-02
2.960108580498954645e-02
3.329804589702935885e-02
3.785324800710619664e-02
4.391457889291878330e-02
5.120064964450504047e-02
5.856539623043193615e-02
6.522557820856599020e-02
6.943524051188224022e-02
7.213778324255094854e-02
