0.000000000000000000e+00
7.842171188155209194e-01
8.838038825339888938e-01
6.457504411058120342e-01
4.295599333277050347e-01
2.437253800798749037e-01
1.166268643700532626e-01
4.293474187321066199e-02
2.500141819666726328e-02
3.751707424522345014e-02
4.417545204031379791e-02
4.122133301306123848e-02
3.490649556027988071e-02
2.921662057611135177e-02
2.859065106486965643e-02
3.304031245952410156e-02
4.025920109590963580e-02
4.908712855506942169e-02
5.577110884803840318e-02
6.244674687017995329e-02
