0.000000000000000000e+00
7.577423662627378320e-01
8.286117818996709961e-01
5.703521405995152227e-01
3.521279751452767171e-01
1.834137742795106663e-01
8.375553198996710247e-02
3.878241685794151655e-02
3.141666300633576270e-02
3.407340997828479934e-02
3.427206200152903282e-02
3.484098140521506987e-02
3.565129330138105956e-02
3.620024778320685838e-02
3.797457469048624162e-02
4.193311560017391054e-02
4.551649463384405819e-02
4.846385521508007888e-02
4.893156719771767083e-02
4.797305621182285790e-02
