0.000000000000000000e+00
1.117266364594523775e+00
5.387665801674889066e-01
6.469127445403871635e-02
3.138147642687619254e-02
3.426007580521193974e-02
3.838622872540670833e-02
2.883293437696713910e-02
3.650473808899624278e-02
4.028100821107537949e-02
5.519118082238786555e-02
4.847666584742256479e-02
4.532174617599745575e-02
3.789058602911753171e-02
3.019248927302957061e-02
3.115167083273061646e-02
3.217268498746383987e-02
3.570317103731459468e-02
3.803857569000075600e-02
3.912669721043474103e-02
