0.000000000000000000e+00
7.930447875935194846e-01
8.564822799136193598e-01
5.723842820507312190e-01
3.380049938367332696e-01
1.657775179888161809e-01
7.543615895036924479e-02
4.324333647368038686e-02
4.009502470160192927e-02
4.087776509689442644e-02
4.261218161798442650e-02
4.535181519574903869e-02
4.706082556838036418e-02
4.746603866644524133e-02
4.651632563827541589e-02
4.552667766022119172e-02
4.459650075406336456e-02
4.473672917019419493e-02
4.434136897526178012e-02
4.356549811192656635e-02
