0.000000000000000000e+00
7.584816279559402075e-01
8.223781988551857047e-01
5.556549666227705853e-01
3.343409531024478798e-01
1.676997325463470689e-01
7.281387386762872005e-02
3.428829257577998418e-02
3.091894398721537970e-02
3.370283040784124301e-02
3.347791146231112597e-02
3.387134022259936927e-02
3.459762772900219080e-02
3.500355271232659382e-02
3.668202249419373617e-02
4.061727229509343173e-02
4.418128349856872972e-02
4.697108746392545525e-02
4.726889145314398105e-02
4.630484111529861724e-02
