0.000000000000000000e+00
7.602195936175819568e-01
8.076807464065507425e-01
5.219455160353312362e-01
2.950334919802658495e-01
1.347278091524400923e-01
5.557184963265133365e-02
2.973711621665451818e-02
2.978392359146348617e-02
3.238629012926898948e-02
3.157206682543603482e-02
3.180108693751700077e-02
3.240287353773236428e-02
3.257143973524172231e-02
3.408303747968181863e-02
3.792139338105658675e-02
4.134113730904378364e-02
4.388722403341591832e-02
4.372103843141428303e-02
4.274545689562676137e-02
