0.000000000000000000e+00
7.424191755375372237e-01
8.550473697084318703e-01
6.555127449409626772e-01
4.675149923521277895e-01
2.970318712497702074e-01
1.720167654277258151e-01
8.432980526382916064e-02
3.435296586063523588e-02
2.660377042771789463e-02
3.348938988852914744e-02
4.073269591240286785e-02
4.410967039447374199e-02
4.539651474409726883e-02
4.526509385534233793e-02
4.588166625064743487e-02
4.803347071505578714e-02
5.276709158355132046e-02
5.602217973290542219e-02
5.911038403679232806e-02
