0.000000000000000000e+00
7.839891651403730899e-01
6.908298485161258329e-01
2.893357893944302761e-01
8.366642639638721679e-02
2.224638142033312158e-02
1.967622257926558704e-02
1.976843038587546356e-02
2.012777102512264618e-02
2.079866719543896000e-02
2.099781122609038070e-02
2.191056445621328980e-02
2.198124869264098460e-02
2.125770487503137948e-02
2.274536299408212031e-02
2.655576272364674334e-02
2.908521910224084669e-02
2.940054814235574729e-02
2.693419064862168436e-02
2.561078772357190669e-02
