0.000000000000000000e+00
7.912954634336429871e-01
7.505097996098132329e-01
3.757232319444093194e-01
1.482135032056428880e-01
3.957431252960859347e-02
1.030824247877624826e-02
1.075328262818320106e-02
1.776776935714175637e-02
2.268187014418126743e-02
2.308985624408973342e-02
2.114829451841931246e-02
1.992547270867944115e-02
1.870356436094911326e-02
1.868666581020167125e-02
2.174680102251091637e-02
2.671362407777601311e-02
2.974055806590334555e-02
3.091998635828836772e-02
3.336849768724411275e-02
