0.000000000000000000e+00
7.715746886537176996e-01
8.676339954454004300e-01
6.312912413844745663e-01
4.177599615004083389e-01
2.370625475933748894e-01
1.173400814226938649e-01
4.499105984294112653e-02
1.770210933460449748e-02
2.259736240999199799e-02
2.753348757296162838e-02
2.756628529193218269e-02
2.680173895643156098e-02
2.802589536388077826e-02
3.224367910035363938e-02
3.903207027722128269e-02
4.625793681488690745e-02
5.240000185159796736e-02
5.604253494823753512e-02
5.853897444295344532e-02
