0.000000000000000000e+00
7.932391994341807528e-01
8.816350096148531934e-01
6.245923392524039830e-01
3.967254636340501461e-01
2.114332507435598973e-01
9.734662756071391088e-02
4.388777331379937335e-02
3.328147816884577392e-02
3.634243572126762828e-02
3.910446277319534758e-02
3.957409631568643144e-02
3.929248675743466507e-02
4.067248086357558995e-02
4.533013706853662728e-02
5.392669954943659499e-02
6.236843696421733030e-02
6.789519585395924206e-02
6.695154415941888260e-02
6.282366448626430788e-02
