0.000000000000000000e+00
7.659610771149659714e-01
7.662942320710380839e-01
4.328001322893395564e-01
2.009870143700110967e-01
6.694406300820088251e-02
2.682134184358336837e-02
2.506907888756652186e-02
2.653061205904262004e-02
2.758254829157291005e-02
2.676438261458991691e-02
2.714245799128357783e-02
2.763064299191607051e-02
2.730348312790853091e-02
2.842851543867710301e-02
3.195177462377880168e-02
3.494672404851151964e-02
3.692297500476857119e-02
3.605299505593450443e-02
3.487766371929221232e-02
