0.000000000000000000e+00
7.580563123549052262e-01
7.592979372365058488e-01
4.346053666611829347e-01
2.124306965337827979e-01
8.175456335643606354e-02
2.720492055322385611e-02
1.729185532358063285e-02
2.159700908206353340e-02
2.503355758097478359e-02
2.701645973108690590e-02
2.647201654546918470e-02
2.425304251296320907e-02
2.268910372683247481e-02
2.198550789843860265e-02
2.358742790414586343e-02
2.528582186538183216e-02
2.761734013520274547e-02
2.976209047158970972e-02
3.203267036069232243e-02
