0.000000000000000000e+00
7.956889062386273137e-01
8.635947478606857963e-01
5.800224374645429615e-01
3.407653450660414474e-01
1.606618536902540140e-01
6.334903960952843749e-02
2.946866658922894094e-02
3.017914256590480473e-02
3.520057275371583916e-02
3.743177244844751034e-02
3.783461324364366385e-02
3.710308678460379900e-02
3.733395221941528119e-02
4.108270215710935896e-02
4.934476213461339023e-02
5.785784219563190611e-02
6.307505987737374586e-02
6.153136827627799649e-02
5.738068532346349976e-02
