0.000000000000000000e+00
7.805657062495986453e-01
8.147635114662882261e-01
5.047896031190748367e-01
2.680678316353146129e-01
1.110296843484742946e-01
3.551868058940244044e-02
1.259879151747181694e-02
1.879711161733603128e-02
2.524557053919134972e-02
2.586052969188799844e-02
2.313965697789901674e-02
2.086564933739056341e-02
2.024111789497994376e-02
2.196684378715665215e-02
2.780478175507906588e-02
3.380191396883881066e-02
3.837642286130864278e-02
4.087278606976987166e-02
4.327796984798351621e-02
