0.000000000000000000e+00
8.034717978816827699e-01
8.036571202546740622e-01
4.471636295143439077e-01
1.960623227878175168e-01
5.642133812381473768e-02
2.047573191136926526e-02
2.272044393150600416e-02
2.644200455842269509e-02
2.981390528447871308e-02
3.285273871537397472e-02
3.459084804273123565e-02
3.377171982934901867e-02
3.112316676843013968e-02
3.174267373775292722e-02
3.949415882127394611e-02
4.803780724556328680e-02
5.181441843058987029e-02
4.827248309654481179e-02
4.454306147071744604e-02
