0.000000000000000000e+00
7.698115782319694400e-01
8.768480913803153864e-01
6.556582982457523912e-01
4.503431272673436014e-01
2.695225652598577382e-01
1.433575472028224829e-01
6.172926422543672381e-02
2.288373337409777344e-02
2.116821838137894138e-02
2.697233200529909614e-02
2.850881054006772913e-02
2.886976100607291373e-02
3.086892958355719890e-02
3.559402474138207567e-02
4.256940334421079747e-02
4.991197368366541431e-02
5.627325240567385145e-02
6.013806543705208646e-02
6.271723559603585574e-02
