0.000000000000000000e+00
8.164243668758276451e-01
7.115548678120925397e-01
2.882661707262429984e-01
8.090160660255130143e-02
2.656311236084559976e-02
2.887981365796982516e-02
3.102630294881120188e-02
3.001368165675902255e-02
3.005548767329183080e-02
3.125940964218121287e-02
3.099153137093695054e-02
2.949015789035185076e-02
2.864673073119745547e-02
2.736771765522685862e-02
2.683108136367235233e-02
2.654193364113366371e-02
2.738257381474924410e-02
2.718349693748150706e-02
2.582609131650945994e-02
