0.000000000000000000e+00
7.595325005401104557e-01
8.134545508592245788e-01
5.350406432221535002e-01
3.100582989522496224e-01
1.470396482813964290e-01
6.161014030749739634e-02
3.116378622601148965e-02
3.028725294125306916e-02
3.295917885970500033e-02
3.231748626679993575e-02
3.257942545649299831e-02
3.322334023120855628e-02
3.347670248362670520e-02
3.505375358330432151e-02
3.893126723788725707e-02
4.241237091101778683e-02
4.505145565287609066e-02
4.505740404728967446e-02
4.408644202472930540e-02
