0.000000000000000000e+00
7.424142594936620210e-01
8.552569598414816454e-01
6.560162517339233057e-01
4.681961585075072318e-01
2.977450493383059227e-01
1.726349604716438391e-01
8.479475109697072466e-02
3.453097522108017348e-02
2.662649766122762371e-02
3.348847209055914875e-02
4.076437405869910713e-02
4.417607461028470739e-02
4.548679230423407355e-02
4.536728407038409516e-02
4.598444546693609969e-02
4.813472139704921826e-02
5.286993000548711324e-02
5.612715675118184339e-02
5.921336767465807532e-02
