0.000000000000000000e+00
8.033605349796825168e-01
7.838582910917349933e-01
4.166045534559775221e-01
1.766910481736631844e-01
5.890565649481663280e-02
3.489577192123576727e-02
3.595116724685920584e-02
3.503386908910230413e-02
3.424828633816559553e-02
3.414036731591002516e-02
3.591596436673875209e-02
3.581694389601949163e-02
3.530881889260062412e-02
3.300318396794019865e-02
3.249353135185761854e-02
3.254721651853713371e-02
3.335366326085072164e-02
3.296455388450646867e-02
3.145241124410524253e-02
