0.000000000000000000e+00
8.383356085304745076e-01
6.065271504293043847e-01
1.536883994237130402e-01
3.140203171285221168e-02
2.265160188462904053e-02
1.930574362562428523e-02
1.728726347652298836e-02
1.950582589530176075e-02
2.148347732631093049e-02
2.026977058833615356e-02
1.956731076223163640e-02
1.994482558349695497e-02
1.950771051739926334e-02
2.081736472990150869e-02
2.372832941744725671e-02
2.591210039830844220e-02
2.477557670887444580e-02
2.197620955763051817e-02
2.045744033828672537e-02
