0.000000000000000000e+00
7.971611043176398681e-01
8.520616825306757125e-01
5.527641353604302310e-01
3.083932672089331750e-01
1.335393473966016431e-01
4.941609974929422194e-02
2.612546377445508494e-02
2.945419759502505147e-02
3.421716650369207441e-02
3.636579036028762812e-02
3.685427457487890079e-02
3.591323324206915218e-02
3.555606285591900173e-02
3.883607143651176402e-02
4.693347673348322036e-02
5.543262279928127395e-02
6.042389554850137456e-02
5.847139842881219490e-02
5.440353314163969001e-02
