0.000000000000000000e+00
7.596522783101987697e-01
8.124401131404483944e-01
5.327268949115665508e-01
3.073810432612124055e-01
1.448190330495367772e-01
6.050894831998846618e-02
3.090229936934390381e-02
3.020343599120014350e-02
3.286281083690500981e-02
3.218660372505206119e-02
3.244028948380410504e-02
3.307562746622652594e-02
3.331357590586617873e-02
3.487896498704080861e-02
3.875001847243569886e-02
4.222048843584347289e-02
4.484277276795363421e-02
4.481730494760883393e-02
4.384554542670292959e-02
