0.000000000000000000e+00
7.600892738984202923e-01
8.087667971765762909e-01
5.243951646876425787e-01
2.978204821505988642e-01
1.369837082096957426e-01
5.666574978219345027e-02
2.999429416615221819e-02
2.988324992940270125e-02
3.249826593301741173e-02
3.171217259893277518e-02
3.194496161512617310e-02
3.255353657301932740e-02
3.273751605748022320e-02
3.426121724604954538e-02
3.810740924645112521e-02
4.153888537350916565e-02
4.410197447990586023e-02
4.396636370713883496e-02
4.299164390854527673e-02
