0.000000000000000000e+00
8.021958439669797380e-01
6.499907305451944062e-01
2.300562163826580520e-01
6.073956515094386388e-02
1.852755380782101016e-02
1.264482899326158268e-02
1.520201576728449910e-02
1.994983065837071731e-02
2.239750747148397045e-02
2.250647746567296242e-02
2.071930277996843900e-02
1.810832359765960492e-02
1.560271581512211528e-02
1.524396992715784833e-02
1.709422926191505807e-02
1.781687037713789237e-02
1.943886781636979671e-02
2.132783360225994421e-02
2.239478761922327962e-02
