0.000000000000000000e+00
7.916372373763826964e-01
7.485981997813744293e-01
3.722476933243560326e-01
1.454445115006652578e-01
3.832451855913277666e-02
1.007728210310346491e-02
1.079134320299280671e-02
1.773570251527396488e-02
2.260880411174786414e-02
2.301984087036177892e-02
2.111885543279277966e-02
1.991885981033228795e-02
1.868342476352387316e-02
1.864093002216460696e-02
2.162871925549256225e-02
2.656218646021241830e-02
2.954954762176755997e-02
3.069559918908429733e-02
3.315373829492271329e-02
