0.000000000000000000e+00
7.700559830556692464e-01
8.756060181031785072e-01
6.523236076287393104e-01
4.458099263372357068e-01
2.649022543939594243e-01
1.395506978440721468e-01
5.918572734779383587e-02
2.188267280037102525e-02
2.138192240657480966e-02
2.709060809915231696e-02
2.838531235353804194e-02
2.856877078357687727e-02
3.043712347173175431e-02
3.508750641590883262e-02
4.204392694748201875e-02
4.937477053892383450e-02
5.570890980667376341e-02
5.954462977119361067e-02
6.210815031463255004e-02
