0.000000000000000000e+00
7.992643021390435365e-01
8.355764333483804984e-01
5.152472375965179152e-01
2.660966781959493987e-01
1.006333644543455780e-01
3.439469104459667859e-02
2.362625463854711033e-02
2.861276622459903163e-02
3.260610713334341493e-02
3.492920556072054428e-02
3.595072547936088020e-02
3.482016649970941236e-02
3.339954173312070090e-02
3.603839056689028125e-02
4.397151804770812328e-02
5.241898104790940205e-02
5.705845994543737310e-02
5.455339001260638837e-02
5.059732364621379042e-02
