0.000000000000000000e+00
1.230172881276032193e+00
5.558495576580999575e-01
5.139753781400140109e-02
4.540640640461118122e-02
3.807965723105524725e-02
3.882209592788780916e-02
5.156051531947498934e-02
5.084006548242663709e-02
4.995046572318007777e-02
5.535640226234422173e-02
4.950378975054126746e-02
3.750371519449088864e-02
4.430443731559714077e-02
4.357027401793917010e-02
4.061950843638961056e-02
3.952528074184450541e-02
4.193270636588984634e-02
4.234242626711319513e-02
3.976619099251720024e-02
