0.000000000000000000e+00
7.912125490531071170e-01
8.945849286175218129e-01
6.583714496846516662e-01
4.417162772778603363e-01
2.557642067628031479e-01
1.320993878244294262e-01
6.190501128250559121e-02
3.833712203212649716e-02
3.719091076466564394e-02
4.008905884384449808e-02
4.087673333831951666e-02
4.125573761259682809e-02
4.370267424941957218e-02
4.911206762569959167e-02
5.802503040502942494e-02
6.645924894804808303e-02
7.211884033603817301e-02
7.156455163274642872e-02
6.769025544088012880e-02
