0.000000000000000000e+00
7.589062054266842994e-01
8.187715291205341916e-01
5.472653214436646874e-01
3.243648924295817193e-01
1.590997672109300265e-01
6.788288179715061543e-02
3.277892073249492888e-02
3.068889450744496233e-02
3.342754652898573264e-02
3.300487367982598425e-02
3.333095278264537609e-02
3.402492415540391002e-02
3.436328641186174593e-02
3.600143790328035054e-02
3.990972334925478593e-02
4.344633475060442895e-02
4.617646294768111559e-02
4.635281930697666281e-02
4.538589488092754226e-02
