0.000000000000000000e+00
8.015346455271297188e-01
8.208743988419731075e-01
4.924873796721260244e-01
2.561346982281881290e-01
1.066425572240023156e-01
3.766454057752933321e-02
2.250329208622145125e-02
3.325528293698636756e-02
4.216836988128323804e-02
4.053450206004762663e-02
3.117968020669587004e-02
2.329860411482403276e-02
1.964094816587520775e-02
1.845401496517186379e-02
1.921911179492288499e-02
2.453112756252947765e-02
3.210672033791771296e-02
3.962016266492568439e-02
4.669609928251256675e-02
