0.000000000000000000e+00
7.870711056101006298e-01
6.820714771785935104e-01
2.741864804348158602e-01
7.587904799634007103e-02
2.137483382211496571e-02
1.933679283155175996e-02
1.934457123071494158e-02
1.957466817773348411e-02
2.039017614593280001e-02
2.061590251768139620e-02
2.151449824734864846e-02
2.149327601508256580e-02
2.073316997772755438e-02
2.233322081168127513e-02
2.617241268182236499e-02
2.862247599950234686e-02
2.877935486814141644e-02
2.619263476633956755e-02
2.483752281707104700e-02
