0.000000000000000000e+00
7.691698243424388570e-01
8.800763113957779105e-01
6.643951338358802250e-01
4.623325768500616828e-01
2.819029159831735187e-01
1.537209602981452761e-01
6.877273533673693151e-02
2.589472114505446745e-02
2.057546265480636113e-02
2.664742855185204401e-02
2.881163322797003490e-02
2.968162808159548194e-02
3.205032694546326028e-02
3.698406676967347373e-02
4.401020459446774308e-02
5.138223158171961041e-02
5.780991533728117859e-02
6.174787772570031197e-02
6.436759885525755731e-02
