0.000000000000000000e+00
7.849778245683707301e-01
9.241460730684875058e-01
7.434135647592938767e-01
5.657129035582502130e-01
3.936904167113690067e-01
2.575539916434922971e-01
1.546111419276367527e-01
8.785145220567017188e-02
5.505896112342410775e-02
4.681266346561810399e-02
4.507419420405703314e-02
4.749338582799966790e-02
5.386149630222111101e-02
6.282726727214205109e-02
7.288182522733156754e-02
8.169121662242084803e-02
8.742693922583383292e-02
8.797191699543666088e-02
8.639815843612083657e-02
