0.000000000000000000e+00
7.533357484703374629e-01
8.649660433284004357e-01
6.612890844961784031e-01
4.712633121652584078e-01
3.009071033443659893e-01
1.780964620358522488e-01
9.324653168338163656e-02
4.728282742003679651e-02
3.461128399046708298e-02
3.627324260991835608e-02
4.048643969899482636e-02
4.377870791646929632e-02
4.624401948465494544e-02
4.885320548858858303e-02
5.244069284297457612e-02
5.654164360296557584e-02
6.040335408938568573e-02
6.179240288828791866e-02
6.131317622102070569e-02
