0.000000000000000000e+00
8.533523979865249576e-01
6.086133066918756329e-01
1.468569994340779006e-01
3.053775970522650332e-02
2.912509956788231907e-02
2.543282113275677561e-02
2.212170319770191684e-02
2.406656203884430939e-02
2.626590007800268939e-02
2.951517292049322949e-02
3.188842827114869022e-02
3.392351661108349709e-02
3.150754385038714855e-02
2.686899931954556467e-02
3.097647741855863793e-02
3.976455429731261954e-02
3.985503913660803921e-02
3.175400109385716207e-02
2.854758158055869730e-02
