0.000000000000000000e+00
7.538043925073746321e-01
8.611852748568427085e-01
6.513794009647652095e-01
4.575029565620398753e-01
2.862763903685949241e-01
1.653002969729998328e-01
8.358611361252617222e-02
4.279263360619274537e-02
3.433787729009867007e-02
3.639736633239947644e-02
4.005662872213003323e-02
4.279370782009463137e-02
4.481948796025680276e-02
4.724221821683113193e-02
5.088086396556646546e-02
5.499357214456167264e-02
5.869426861190521483e-02
6.005088209067614008e-02
5.945152667569963273e-02
