0.000000000000000000e+00
7.921759748148341496e-01
8.579823570375686437e-01
5.778304745558376920e-01
3.462862439528417435e-01
1.706863929848549122e-01
6.782766658803909832e-02
2.674644114196339864e-02
3.065262871966819777e-02
4.238529853654750962e-02
4.359075301610399605e-02
3.618783627282254334e-02
2.788288253878471248e-02
2.233509038798716859e-02
2.096935254845316843e-02
2.451716877576282441e-02
3.131639997570880712e-02
3.975646007197225495e-02
4.670992090641279404e-02
5.417159989413463522e-02
