0.000000000000000000e+00
7.426871756714479300e-01
8.476043199942422390e-01
6.376449476723341503e-01
4.436198545538204141e-01
2.724340751806109129e-01
1.511115328230408228e-01
6.901308585330778733e-02
2.923736147938752958e-02
2.649601803523505064e-02
3.356937146221951329e-02
3.950596789125850050e-02
4.179108949824523328e-02
4.238556260512747059e-02
4.185171389111368156e-02
4.250804589634978731e-02
4.469310898144641941e-02
4.935819740958737045e-02
5.250320429882501111e-02
5.564268688936372526e-02
