0.000000000000000000e+00
7.882076300776761357e-01
8.714108049071564999e-01
6.121559175636225314e-01
3.870491506556285044e-01
2.048010960301960559e-01
8.928036455871977972e-02
3.242177075943335901e-02
2.791515693553495853e-02
4.079470672608907778e-02
4.431097588112801328e-02
3.870903004098441569e-02
3.075135348588693349e-02
2.475412848232066282e-02
2.398681907465469859e-02
2.824534680895168792e-02
3.529540016872766139e-02
4.397851173061862601e-02
5.082444609795476465e-02
5.799124517346788965e-02
