0.000000000000000000e+00
7.442452048165237866e-01
8.280544881060756257e-01
5.910081938960195513e-01
3.839196381639436995e-01
2.147592596613342453e-01
1.055671426464165896e-01
4.017798877368418398e-02
2.284769969241956522e-02
2.726728954970921229e-02
3.258913075947494215e-02
3.591333310634314130e-02
3.635519102063439201e-02
3.582046184023222890e-02
3.469413461455696929e-02
3.570616919993874899e-02
3.789849366461140595e-02
4.216059803779641235e-02
4.507761119012271278e-02
4.816094724090587420e-02
