0.000000000000000000e+00
7.548207063175944587e-01
8.530774819778280671e-01
6.304587438031277191e-01
4.290684053222941219e-01
2.568985851534828502e-01
1.404610213644357231e-01
6.674909190453186258e-02
3.596891419038145826e-02
3.402503830070845864e-02
3.643877734260720508e-02
3.889848375040442369e-02
4.075635878479427071e-02
4.216045096616624632e-02
4.430862452323573730e-02
4.812767345240116790e-02
5.214233520165782731e-02
5.563656525538678704e-02
5.670592295011112755e-02
5.594501654305254756e-02
