0.000000000000000000e+00
8.602371667615630324e-01
5.921230045535852415e-01
1.317417808056111639e-01
2.715881247339793289e-02
2.362929346636979608e-02
1.956350340549736083e-02
1.747984641149572319e-02
2.024049396549641028e-02
2.274770873682065153e-02
2.092472088565723934e-02
1.960706492538686480e-02
2.025228778557631656e-02
2.006685595014237947e-02
2.105784081849236891e-02
2.354831985949656925e-02
2.572155167208182644e-02
2.433933332763421262e-02
2.160799980037795762e-02
2.010287437455612197e-02
