0.000000000000000000e+00
7.650611805999405490e-01
9.014225367423397417e-01
7.240722996851590709e-01
5.484730284501216913e-01
3.775037915147553824e-01
2.411176505373010814e-01
1.375357095586611789e-01
6.705686515627827526e-02
2.809897378009057478e-02
2.357778236075551079e-02
2.970894035986232709e-02
3.587221978515232890e-02
4.276398014900841676e-02
4.990496673481791684e-02
5.753526871929606767e-02
6.489852296436361689e-02
7.152546106602190867e-02
7.570828453905173450e-02
7.842917028060078510e-02
