0.000000000000000000e+00
7.427592131700834210e-01
8.461263492109358797e-01
6.341071830764316575e-01
4.389563388805592936e-01
2.677327770745195346e-01
1.472125697858202020e-01
6.628492139064956490e-02
2.853092726525940925e-02
2.657991573494940599e-02
3.356623163637897228e-02
3.925001329634407454e-02
4.134904356182521334e-02
4.182664155112757881e-02
4.122109625653278681e-02
4.189107822438588313e-02
4.408154839724211238e-02
4.873255799812516859e-02
5.184976782847591087e-02
5.500012552422609696e-02
