0.000000000000000000e+00
7.565064894594960565e-01
8.390064501176287548e-01
5.953937767221881838e-01
3.833449666853682158e-01
2.121574586153783526e-01
1.049560936624197444e-01
4.853872448238615023e-02
3.253306454608714815e-02
3.428877073248511043e-02
3.548565372964925663e-02
3.657005180877086203e-02
3.761901400581291188e-02
3.844323299959220841e-02
4.037693941551102894e-02
4.433211372059663036e-02
4.806037033460480029e-02
5.126281884036635456e-02
5.195408690832727105e-02
5.102449016807100030e-02
