0.000000000000000000e+00
8.054444927604338389e-01
7.894763237849307114e-01
4.188039092496117499e-01
1.695305432091010200e-01
4.491740597229836734e-02
1.980801510466531981e-02
2.276763943834787807e-02
2.547234959386647166e-02
2.862082652582065637e-02
3.213613101151061718e-02
3.419543154420065512e-02
3.352597279711112127e-02
3.052666037348713765e-02
3.034177561417140956e-02
3.813122658781716023e-02
4.694634939759985415e-02
5.007230138449850904e-02
4.597097839453693352e-02
4.231349235230168898e-02
