0.000000000000000000e+00
7.729212741794507791e-01
8.602062507540561009e-01
6.122311162416682606e-01
3.931376660595236050e-01
2.137048037290189828e-01
9.971852685282452111e-02
3.500912663291144700e-02
1.674466978735337716e-02
2.387569234460807516e-02
2.760159594359813673e-02
2.679959639582493378e-02
2.544877140381827940e-02
2.622710153866849442e-02
3.006481464076531107e-02
3.674242292473600680e-02
4.377594785686318712e-02
4.972151043361642403e-02
5.317928964288944071e-02
5.562854549832034479e-02
