0.000000000000000000e+00
7.569343983663958664e-01
7.635038686081572212e-01
4.436094909375710715e-01
2.210543176285771627e-01
8.716668101977763372e-02
2.921714817518549986e-02
1.752926809608093550e-02
2.168606173078280533e-02
2.524738039096513162e-02
2.730184814220962611e-02
2.687171564245022237e-02
2.475298919177103610e-02
2.321111858343877926e-02
2.245699356996998242e-02
2.404942419942616635e-02
2.578721222515256706e-02
2.820500308797570244e-02
3.036257141118500411e-02
3.271794911492415664e-02
