0.000000000000000000e+00
7.607660276118028975e-01
8.031632323480494273e-01
5.118241225274758888e-01
2.836341494912540395e-01
1.256339287796259530e-01
5.121938419500859235e-02
2.880527433071432275e-02
2.943937848429514087e-02
3.190413861543511809e-02
3.099142074215059661e-02
3.121482690760350384e-02
3.179353027952391830e-02
3.190093673711723310e-02
3.336211985035358873e-02
3.716552649040474887e-02
4.053663516471580491e-02
4.301476083143218609e-02
4.273306060135931977e-02
4.175336793574110916e-02
