0.000000000000000000e+00
7.857757565702283564e-01
7.828830008241877136e-01
4.376745641841822687e-01
2.016104716498140770e-01
6.790947798586426110e-02
1.726317094631968710e-02
1.003708913518131830e-02
1.863436152870297582e-02
2.397340790279944150e-02
2.438319001265539313e-02
2.178275156333573520e-02
2.013356524066547623e-02
1.922573132300424772e-02
1.981011214823315963e-02
2.425418307795557810e-02
2.970190378515425930e-02
3.346238010749949532e-02
3.525683869574786772e-02
3.760006974991369350e-02
