0.000000000000000000e+00
8.160281047927203657e-01
7.535448699466041900e-01
3.572102543843722056e-01
1.367701761883433620e-01
4.998729686754413426e-02
3.159007483546052986e-02
2.500724467310014645e-02
1.960730111208871043e-02
1.903643473721507509e-02
2.486202987647062601e-02
2.957203262370210542e-02
2.898070047196302235e-02
2.536297303248391879e-02
2.256708189098294987e-02
2.183465170384794179e-02
2.332894812002904092e-02
2.548701789325760053e-02
2.679161895387079800e-02
3.156343323101880316e-02
