0.000000000000000000e+00
7.906981555623002755e-01
6.727978732859547506e-01
2.584355086864186246e-01
6.857682706001545780e-02
2.107927834465734424e-02
1.924254678517739459e-02
1.890895560100716924e-02
1.908449430761555848e-02
2.005376585753622029e-02
2.024590134110512349e-02
2.113463921645729326e-02
2.104626219945987531e-02
2.021638792439788695e-02
2.193082243422641436e-02
2.579507871581206840e-02
2.816464390038083201e-02
2.814989022975629765e-02
2.547417321713236690e-02
2.408982918903123868e-02
