0.000000000000000000e+00
7.923315089299456382e-01
6.689387099553666394e-01
2.519633057660151110e-01
6.565853467022753076e-02
2.099253339160683102e-02
1.923640648561725924e-02
1.873270463732537930e-02
1.892995762342032651e-02
1.994435061973218876e-02
2.010167426904137591e-02
2.098813865496846134e-02
2.089919297458775818e-02
2.004714193020159727e-02
2.178986202844084008e-02
2.564281101867279741e-02
2.799379815671817692e-02
2.790215407917138318e-02
2.519489153739266560e-02
2.379948761998460643e-02
