0.000000000000000000e+00
8.234719545153248443e-01
7.192841267035141595e-01
3.074774703386580210e-01
1.108552878533511088e-01
3.904268540246885050e-02
1.714658397506951468e-02
1.863544318847000850e-02
3.048363179183514321e-02
3.676246416237942405e-02
3.334681435893722956e-02
2.508517578793561381e-02
2.075594325659552153e-02
1.980609065723974369e-02
1.951755071804652658e-02
1.817676202333878138e-02
1.853368329809767720e-02
2.356146285327796047e-02
3.143097748110157408e-02
3.588949182188071185e-02
