0.000000000000000000e+00
7.650345708325586580e-01
9.015771751992629479e-01
7.245125366282547663e-01
5.491344280979284509e-01
3.782803694892935553e-01
2.418759177060755550e-01
1.381821163389029827e-01
6.751689732848217829e-02
2.826215966765509291e-02
2.355870239373464292e-02
2.971178448368047217e-02
3.592061712279524810e-02
4.286405708302486184e-02
5.002869093973809356e-02
5.766491724416537151e-02
6.502829802800157155e-02
7.165403262384591188e-02
7.583576974394848347e-02
7.855658658793286675e-02
