0.000000000000000000e+00
7.769329803137322576e-01
9.041176938949634367e-01
7.055169317164236009e-01
5.120456211225775656e-01
3.289600169987402234e-01
1.882849974655494973e-01
8.659170321315357022e-02
3.145147707034385426e-02
2.654766454407946411e-02
3.855603021717157741e-02
4.444207527364833765e-02
4.389250587115779006e-02
4.124076717403073189e-02
4.133469231120501935e-02
4.608492777597050089e-02
5.338016256891762318e-02
6.195589043797041645e-02
6.847180568552305169e-02
7.435687814573727072e-02
