0.000000000000000000e+00
7.771093800224376791e-01
8.357173277070200079e-01
5.525070669945245649e-01
3.207615315724386962e-01
1.509743716151646931e-01
5.749698440158071411e-02
1.719879294925532806e-02
1.758078854670504232e-02
2.548930114374703057e-02
2.684408981959388388e-02
2.454923928107369605e-02
2.224259085626315718e-02
2.202131266787745595e-02
2.491351053103566665e-02
3.113271352290694280e-02
3.756120281567037339e-02
4.278249462896169253e-02
4.564529358733705050e-02
4.810710840845128233e-02
