0.000000000000000000e+00
7.838742393717118562e-01
7.945174355983700698e-01
4.614242670756468212e-01
2.241032011845613403e-01
8.156455529598646836e-02
2.197767883087187527e-02
1.032069748272429130e-02
1.889546146629577164e-02
2.447874690674538972e-02
2.490047391670468721e-02
2.216726205384104628e-02
2.030373400605630513e-02
1.949592314407571497e-02
2.040338414227065716e-02
2.537585127615521116e-02
3.102327316418063488e-02
3.507149464336875577e-02
3.712416145692894187e-02
3.948053383323196774e-02
