0.000000000000000000e+00
7.931444490692711735e-01
8.557869689667252366e-01
5.707416777753613335e-01
3.360692903500502315e-01
1.641638678308415811e-01
7.461229558425011565e-02
4.310885719226859730e-02
4.005756255744102878e-02
4.080989212727020865e-02
4.249643480627726677e-02
4.521163970692806261e-02
4.690133719628979819e-02
4.729057057466225233e-02
4.633176344686148335e-02
4.533801895910650331e-02
4.442270558246932954e-02
4.457408838522345512e-02
4.417600859034687133e-02
4.339482766794412749e-02
