0.000000000000000000e+00
7.663827850134321551e-01
8.941933737988017050e-01
7.035632934828767171e-01
5.180595476610614369e-01
3.424640407703450351e-01
2.076693363033133288e-01
1.097539863881887290e-01
4.816624292888858905e-02
2.177606050847318703e-02
2.446156315258339251e-02
2.961625647030641587e-02
3.364812319855411960e-02
3.848316078836214876e-02
4.467261119389788482e-02
5.199138708345669990e-02
5.936370982127524287e-02
6.602800800877339782e-02
7.023842161503401904e-02
7.294585439189606169e-02
