0.000000000000000000e+00
8.213476259137197921e-01
7.016012314849054965e-01
2.663760043982484338e-01
6.641630374584830965e-02
2.288427025039723936e-02
2.286165683919484312e-02
2.205147990592866772e-02
2.264301237205415540e-02
2.487203265555302731e-02
2.956367199196029139e-02
3.274471623261093062e-02
3.305483273986729864e-02
2.966653887100049319e-02
2.672386364017948629e-02
3.294298499280527703e-02
4.260312246169942196e-02
4.343635716278796549e-02
3.674475721640645814e-02
3.308017581727724921e-02
