0.000000000000000000e+00
8.258735229487114138e-01
6.743262154032368949e-01
2.313173080089333533e-01
5.549228713523544909e-02
2.395849161424200985e-02
2.676411393429827326e-02
2.935939919817038765e-02
2.848735381148349149e-02
2.826399269368639472e-02
3.055978927267473041e-02
2.930785454786885222e-02
2.706962084353193090e-02
2.664522417058315384e-02
2.609901780128490514e-02
2.530009294346479212e-02
2.474378462774315737e-02
2.550359201841350537e-02
2.548510823130717071e-02
2.419286001068475175e-02
