0.000000000000000000e+00
7.927095914027109114e-01
7.426613335409819605e-01
3.615817488758405474e-01
1.370984656449411587e-01
3.472351609511697274e-02
9.461871679443926639e-03
1.089360922263656224e-02
1.763855497910238324e-02
2.238576260059760986e-02
2.280621480912436994e-02
2.102990061184605020e-02
1.990143670076043730e-02
1.862183713055538120e-02
1.850787270392811185e-02
2.131521640463385561e-02
2.613850965028681819e-02
2.898078310205816355e-02
3.002188245745324516e-02
3.250475370893873145e-02
