0.000000000000000000e+00
7.555461801165886948e-01
8.471232933860985970e-01
6.154309079039098629e-01
4.091751639072239710e-01
2.370518072922798147e-01
1.243569153844604203e-01
5.821322148053539175e-02
3.367299355890521900e-02
3.392883815507391487e-02
3.617334274172234049e-02
3.793413177706916189e-02
3.935972126213875544e-02
4.047511288809807484e-02
4.251195536988748580e-02
4.642768059787558133e-02
5.032124402516335165e-02
5.368794099880640214e-02
5.457630540315533407e-02
5.372446686866885063e-02
