0.000000000000000000e+00
8.792062485837527364e-01
6.010797936807861230e-01
1.452782346683055281e-01
3.937642788963855583e-02
2.637389551324723427e-02
1.775224551217795960e-02
2.181250243406495162e-02
3.192817687216124162e-02
3.344697712043606663e-02
3.017790333473199457e-02
2.558468426176182739e-02
2.345590747582408306e-02
2.179753891719015887e-02
2.178526576436448994e-02
2.085941478658910608e-02
1.862375000397893665e-02
2.251611604468146954e-02
2.928378343283739166e-02
3.151931546947429885e-02
