0.000000000000000000e+00
7.860050163752319019e-01
7.814920799904612192e-01
4.348898599797443310e-01
1.990471392566205699e-01
6.641629669570849048e-02
1.681973970112283709e-02
1.003698779899502014e-02
1.860127075751332945e-02
2.391760486321489396e-02
2.432307391316156087e-02
2.174724178971852023e-02
2.011985406418322422e-02
1.919645968508036996e-02
1.974414129927050746e-02
2.412916079867619829e-02
2.955407105735967724e-02
3.328114025975324741e-02
3.504734786717509515e-02
3.739403640500306436e-02
