0.000000000000000000e+00
1.025977508707518915e+00
5.585191657662189613e-01
7.506685526370771022e-02
2.939528450630447126e-02
2.803587601680818803e-02
2.344897256726623941e-02
2.094229071550633703e-02
2.590624036865196364e-02
3.200353932608381025e-02
2.765738551504925979e-02
2.254934613719363282e-02
2.436785459723860361e-02
2.530713729212967847e-02
2.584120201132888289e-02
2.662653668744457969e-02
2.890711662637927143e-02
2.545278182275102774e-02
2.381953025231137167e-02
2.209603805456014994e-02
