0.000000000000000000e+00
7.887905889241999535e-01
8.695040133315276032e-01
6.071596100770902948e-01
3.809510483131181013e-01
1.994973762029886855e-01
8.577027991755603598e-02
3.129723303540646318e-02
2.832284442571059158e-02
4.113006999562088956e-02
4.424494255386623998e-02
3.833591212230007261e-02
3.023340594000794787e-02
2.431139136564234790e-02
2.343383970307878761e-02
2.763558926136795019e-02
3.465588108719876159e-02
4.330725051247520663e-02
5.017203419229759875e-02
5.738934455415464764e-02
