0.000000000000000000e+00
8.105654876969758948e-01
7.402981555816269266e-01
3.364026866704962759e-01
1.114615387816086933e-01
3.417094136227259021e-02
3.090047814800892315e-02
3.271452205496785254e-02
3.175099901013817005e-02
3.156161507580194231e-02
3.205296020846974681e-02
3.268014713441558944e-02
3.170906706381572404e-02
3.082811046252535367e-02
2.881749779007755294e-02
2.843732317335247867e-02
2.843669674093570604e-02
2.936789706243346509e-02
2.907789211575380686e-02
2.762797618742443909e-02
