0.000000000000000000e+00
7.867289512301892662e-01
9.167485710562490731e-01
7.210509943745824213e-01
5.316066646097113990e-01
3.535446853202600659e-01
2.186211704500937714e-01
1.218895987444703621e-01
6.787842419890847967e-02
4.665638424866314082e-02
4.378340823929684905e-02
4.345855187726125474e-02
4.572158566346942732e-02
5.072773690515696571e-02
5.826250369256152223e-02
6.792915372436135468e-02
7.670098965481371434e-02
8.247458186681679015e-02
8.256918577934661829e-02
7.980179202455942034e-02
