0.000000000000000000e+00
8.107860985262247411e-01
7.391104989725241214e-01
3.343402784780068471e-01
1.099491402118057959e-01
3.370187393675360549e-02
3.080925615567586470e-02
3.263090226168646746e-02
3.166939796648240990e-02
3.149863761231418147e-02
3.201728531422005225e-02
3.260461895889076034e-02
3.161099739801379038e-02
3.072674973617259969e-02
2.874464351349300534e-02
2.835894266090015561e-02
2.834621480736552665e-02
2.927637102666556801e-02
2.898653114644541423e-02
2.753825813388212362e-02
