0.000000000000000000e+00
7.970345823379988426e-01
8.397106684398041310e-01
5.342276593847079535e-01
2.982870321875896735e-01
1.346108351878824438e-01
4.941139108128267399e-02
2.397328696620647237e-02
3.269369225309086413e-02
4.273331805634331820e-02
4.214339039333048903e-02
3.330067310516351270e-02
2.506179673304054570e-02
2.058905552162093588e-02
1.925271063649495670e-02
2.126548635367418033e-02
2.738852060427689888e-02
3.543061397915187039e-02
4.259098974105929997e-02
5.004050684099253105e-02
