0.000000000000000000e+00
8.096280934517678940e-01
6.371992391903715802e-01
2.003576300693731271e-01
4.442403647071802714e-02
2.076487647137809089e-02
1.911994101044296041e-02
1.745182084929298647e-02
1.864676091742457908e-02
2.001366252282326189e-02
1.965854675014755762e-02
1.997544773498030612e-02
1.999716078635942890e-02
1.920935984040324576e-02
2.092365067195229439e-02
2.453941117391996232e-02
2.675813371868977081e-02
2.609589835258563362e-02
2.326853966563683165e-02
2.179615800692233721e-02
