0.000000000000000000e+00
7.469803130681712533e-01
8.092494275095212242e-01
5.465417331007591528e-01
3.305615854274632781e-01
1.679419392044629311e-01
7.263382748664130861e-02
2.725870332709294172e-02
2.164293414478446823e-02
2.726879885753763846e-02
3.101329475042534367e-02
3.259942830407792924e-02
3.203700290393841910e-02
3.095821731150636205e-02
2.977005126911196412e-02
3.106804222679829600e-02
3.318401165030874372e-02
3.686581635097234411e-02
3.948534653296666835e-02
4.245632110384472968e-02
