0.000000000000000000e+00
7.834288055026863429e-01
6.925222123416646669e-01
2.922942975254278486e-01
8.528560558691204718e-02
2.246685522554939946e-02
1.974453446401025491e-02
1.985244397505897193e-02
2.024415355183925222e-02
2.088117445028722999e-02
2.107627495375308593e-02
2.199112563413974097e-02
2.207842432141606664e-02
2.136176944791787560e-02
2.282729808396913654e-02
2.663399656836604179e-02
2.918530066442918611e-02
2.952732262065994179e-02
2.708443105200098247e-02
2.576689542163436430e-02
