0.000000000000000000e+00
7.885396891061532409e-01
7.663549777033837884e-01
4.053064556440735822e-01
1.727611751976082244e-01
5.185519044833535041e-02
1.307284400632049634e-02
1.042326197714635652e-02
1.817420500015051385e-02
2.330655700447060996e-02
2.369496385177561129e-02
2.141128267454708509e-02
2.000109959979368135e-02
1.892785113918370177e-02
1.912850915422234163e-02
2.287715225794016705e-02
2.806672972735536550e-02
3.143797596801545940e-02
3.290814397968033767e-02
3.530088895239060637e-02
