0.000000000000000000e+00
7.775500511124557868e-01
9.024329410924704087e-01
7.003551811203710953e-01
5.045712342139940798e-01
3.207250211145672436e-01
1.808191654760217260e-01
8.116858952455019427e-02
2.941689010827218051e-02
2.756270670017279406e-02
3.953225486759101570e-02
4.435088401559499766e-02
4.308011608825194211e-02
3.995981299525756120e-02
3.990158558833864499e-02
4.464207678654056460e-02
5.195793097769774160e-02
6.059249946063754305e-02
6.712440425722729365e-02
7.303908836230089963e-02
