0.000000000000000000e+00
7.892396532292291766e-01
8.680190560158905777e-01
6.032978829419950451e-01
3.762764857017671938e-01
1.954792558949927372e-01
8.314706390972781413e-02
3.049118555732471814e-02
2.864232858588153935e-02
4.136200363475271008e-02
4.418304907072794635e-02
3.804859919833795262e-02
2.986940861844844877e-02
2.399480910301013403e-02
2.302092570955692127e-02
2.717979969031802945e-02
3.417617186854999406e-02
4.280673153393199648e-02
4.968116192945998960e-02
5.693456886678200518e-02
