0.000000000000000000e+00
7.554477812626528843e-01
8.479464481865585102e-01
6.174903923412879969e-01
4.118747456239688631e-01
2.397107625408891884e-01
1.264822978354089578e-01
5.931184752029772939e-02
3.391129040288719254e-02
3.390943612180925826e-02
3.622414460470522318e-02
3.807031114631680840e-02
3.954679854318448456e-02
4.069770227953938002e-02
4.274409006248687526e-02
4.665360801416618824e-02
5.056401194483940015e-02
5.394662017650209140e-02
5.485710792166102051e-02
5.401635224585501355e-02
