0.000000000000000000e+00
9.650559398197532390e-01
5.613445753896366686e-01
8.971821288090754687e-02
3.065077837556467316e-02
2.951562768661994754e-02
2.149928492033811173e-02
2.676410880839007536e-02
3.680172371916651947e-02
3.594677944417609683e-02
3.266754847933819872e-02
2.995483316300264626e-02
2.834902937359698449e-02
2.485600211903336160e-02
2.494971335150564587e-02
2.508922630982135873e-02
2.263796875309591339e-02
2.632380014098888166e-02
3.287851892381335461e-02
3.401852738784158503e-02
