0.000000000000000000e+00
7.598980989503064665e-01
8.103646255655364561e-01
5.280110772464332580e-01
3.019543956186296341e-01
1.403533801405764114e-01
5.831027487523804398e-02
3.038195641892367863e-02
3.002567666174670719e-02
3.265971332927673082e-02
3.191853912359288170e-02
3.215879214267313574e-02
3.277826034039627717e-02
3.298537921084095104e-02
3.452705967805465292e-02
3.838437228550973385e-02
4.183296266261153640e-02
4.442149024694705406e-02
4.433290622157605443e-02
4.335946283445258481e-02
