0.000000000000000000e+00
7.750096529348287078e-01
8.481788901043109119e-01
5.823409731058265537e-01
3.560210939887973325e-01
1.804197487830890290e-01
7.637094888266396375e-02
2.355618038972413439e-02
1.657498044074142904e-02
2.502617331094845327e-02
2.730826421567808873e-02
2.563196937715544327e-02
2.368082537209513505e-02
2.390229917823089023e-02
2.724382977170660899e-02
3.368904698910486772e-02
4.040930745046704409e-02
4.601118951349039699e-02
4.915640290501229609e-02
5.161936813600119522e-02
