0.000000000000000000e+00
4.563729558566509414e-01
3.035226772642892756e-01
1.325624438438197383e-01
1.338574844347487636e-01
1.060396062094731556e-01
1.614969546087652863e-01
1.480736520976657922e-01
1.593368174193402764e-01
1.823157321176720747e-01
1.980621152744885261e-01
1.799374036113905728e-01
1.799100839653267336e-01
1.390831599356863180e-01
1.681990671066095067e-01
1.472062338871968079e-01
1.614098933206001285e-01
1.637910516458512267e-01
1.474770509577621735e-01
1.472121988537575255e-01
