0.000000000000000000e+00
7.888778556586838464e-01
9.069419211082078158e-01
6.924963294959541882e-01
4.895919546447691229e-01
3.063395880840691921e-01
1.752766187947717713e-01
8.866462744999278889e-02
5.008120682217439418e-02
4.037180964676461564e-02
4.150172541102518931e-02
4.223362173114474788e-02
4.356018125789631878e-02
4.727360691995610015e-02
5.360909828374903208e-02
6.293912751022287533e-02
7.146858989200796652e-02
7.717786436106705006e-02
7.696113269906064425e-02
7.350442224791013668e-02
