0.000000000000000000e+00
7.939787121776173962e-01
8.764142320369445738e-01
6.114269538663759107e-01
3.797985595049722107e-01
1.955615403582103007e-01
8.565905110501093045e-02
3.829900594283212195e-02
3.203457184518952033e-02
3.602773078115929090e-02
3.862186295074308828e-02
3.905876109700656684e-02
3.860964134905566641e-02
3.960444119601505553e-02
4.399856519147792022e-02
5.248789158885895645e-02
6.095676156326471778e-02
6.639851523992625071e-02
6.528765382624915348e-02
6.111922502268025276e-02
