0.000000000000000000e+00
7.877770734392665064e-01
9.121140845282670329e-01
7.073879180034267078e-01
5.112820436238466604e-01
3.303913668045824203e-01
1.970199219922100231e-01
1.045391384244117455e-01
5.824711044019532935e-02
4.295850140199689027e-02
4.252309995189579306e-02
4.285255404341579283e-02
4.465943561839383347e-02
4.901880245756537469e-02
5.592064515330363167e-02
6.542465486719165058e-02
7.406898539285183825e-02
7.982115789969312925e-02
7.969073502899354233e-02
7.650994264819706292e-02
