0.000000000000000000e+00
7.787161899723002989e-01
8.260430895400023843e-01
5.300992869590310796e-01
2.954482542060421491e-01
1.311675624328968448e-01
4.612972459182595325e-02
1.470534750967173072e-02
1.826452916593578404e-02
2.549214690438962247e-02
2.641031209840192726e-02
2.382518925158554762e-02
2.141624764444486836e-02
2.099823747724999246e-02
2.340537328957541935e-02
2.946753477355095602e-02
3.569017469932839887e-02
4.061168158379183102e-02
4.329815704912672036e-02
4.573368082730620843e-02
