0.000000000000000000e+00
7.423607082446543881e-01
8.579008059264739972e-01
6.623767173500522132e-01
4.768406454211809864e-01
3.068549838838365296e-01
1.805914541477905422e-01
9.083095186817617683e-02
3.688680765639531373e-02
2.696942727098665740e-02
3.351236506686150474e-02
4.115041863869079580e-02
4.501752334822135826e-02
4.664775556034846810e-02
4.669420149551382904e-02
4.732020663099222729e-02
4.945535105619423832e-02
5.420484731332872452e-02
5.747855611704078688e-02
6.053634666712083556e-02
