0.000000000000000000e+00
7.927983500206455814e-01
8.581866188796071215e-01
5.764268070152989143e-01
3.427906497015796861e-01
1.697921756684974970e-01
7.756843426219686699e-02
4.369083643890300100e-02
4.018933159795302912e-02
4.104273463674536909e-02
4.289778301132537303e-02
4.569955090053648417e-02
4.745686633068194743e-02
4.790201097111996403e-02
4.697546447531900787e-02
4.599742172635261361e-02
4.503697730395159193e-02
4.514670159633868418e-02
4.475530147149936466e-02
4.398916637872868352e-02
