0.000000000000000000e+00
7.424002320248396236e-01
8.558803238451618833e-01
6.575143686250137787e-01
4.702255652227697036e-01
2.998738415451813744e-01
1.744842915620763435e-01
8.618916112096441928e-02
3.506563451188043912e-02
2.669773030839795239e-02
3.348763792647106718e-02
4.085735614125783621e-02
4.437385623555544639e-02
4.575681074197267273e-02
4.567473456643066088e-02
4.629251975781455142e-02
4.843948095617009453e-02
5.317782878910582572e-02
5.644122290603493380e-02
5.952129329211201109e-02
