0.000000000000000000e+00
7.594733367446935279e-01
8.139560703268080566e-01
5.361866988078780594e-01
3.113880076532839491e-01
1.481468260289058592e-01
6.216110613976725402e-02
3.129484242707870206e-02
3.032790709831024653e-02
3.300607047221847806e-02
3.238213133892233614e-02
3.264858378744088518e-02
3.329695833561127638e-02
3.355803026778125808e-02
3.514085515393559206e-02
3.902150027683953804e-02
4.250785464396929919e-02
4.515531484725281153e-02
4.517692258463845700e-02
4.420634843223796018e-02
