0.000000000000000000e+00
8.924511702823096915e-01
5.859276826085400014e-01
1.180544207663992845e-01
2.081306542408725008e-02
1.732570457670797384e-02
1.441624858934248063e-02
1.769231494608283425e-02
2.279655518449905452e-02
2.355403028514554270e-02
2.313715056785592764e-02
2.169935819775579977e-02
1.860684434482555438e-02
1.511889813205341375e-02
1.547848540042354865e-02
1.713125967022855259e-02
1.723053288781953643e-02
1.825648253599690407e-02
2.096772208929867723e-02
2.136126071821522684e-02
