0.000000000000000000e+00
8.406448051019893564e-01
6.321726912209117977e-01
1.742276375948219602e-01
3.581704379703044144e-02
2.262827084920327261e-02
2.490120290773483944e-02
2.823069102260320623e-02
2.790388841672774775e-02
2.753188727212229833e-02
3.026045008497819933e-02
2.801021999168261389e-02
2.476447115067880594e-02
2.520350765530205914e-02
2.564166795382153211e-02
2.410965634210683606e-02
2.354407664882316939e-02
2.432958678583056408e-02
2.427342174584787293e-02
2.321756847094761170e-02
