0.000000000000000000e+00
8.050880895014728145e-01
6.457208520685630004e-01
2.229371121326824690e-01
5.711566794015609377e-02
1.787669206273150360e-02
1.262741954753453417e-02
1.518730364268234406e-02
1.994987648797004812e-02
2.237323769440178675e-02
2.242970566238574118e-02
2.065029501911689463e-02
1.803503430690490614e-02
1.545578167603132470e-02
1.513102223443200250e-02
1.697980216822304184e-02
1.765887576150627913e-02
1.927127024743831296e-02
2.118605753930242683e-02
2.221979110384954270e-02
