0.000000000000000000e+00
1.594262104949597081e+00
6.177942508846373526e-01
1.250598914408494466e-01
8.981141467976286319e-02
1.045853680771430538e-01
8.703620571081058244e-02
7.198746293916993833e-02
9.752581438987996398e-02
1.143126247728124129e-01
1.543378362227558476e-01
1.241080768680518365e-01
1.288814451909947312e-01
1.045578220961294741e-01
8.908330319206253511e-02
9.833003702025164272e-02
9.234059912663974967e-02
9.477407928714624841e-02
9.518046721172694624e-02
1.002171937053113193e-01
