0.000000000000000000e+00
7.547308351025269202e-01
8.537974412105634459e-01
6.322963226488997890e-01
4.315315452223770776e-01
2.593964820561455165e-01
1.425269381895156728e-01
6.790671581588579586e-02
3.633044521034116403e-02
3.404331370611889118e-02
3.645302074930194258e-02
3.901058708164085315e-02
4.093166967428558262e-02
4.237644420665959838e-02
4.454412874086765423e-02
4.834668921992599927e-02
5.237530033906426935e-02
5.588849368205505569e-02
5.698025022299721409e-02
5.623169525037349792e-02
