0.000000000000000000e+00
1.155606798721169115e+00
5.415377154327590814e-01
6.305807724409222270e-02
3.342157663284460456e-02
3.600333568216679270e-02
4.030703091626267748e-02
3.054111781158936473e-02
3.961981324224243123e-02
4.328360330027674480e-02
5.932943615574261947e-02
5.165931767689177501e-02
4.864806140521660965e-02
4.057023748107942834e-02
3.246483756644098773e-02
3.374128599256061289e-02
3.454468352180718044e-02
3.794145806069106064e-02
4.041174542091945099e-02
4.153861524606109606e-02
