0.000000000000000000e+00
1.256243983581079471e+00
5.603483110029755521e-01
5.149040080600415098e-02
4.725928065426634322e-02
3.987875438101979447e-02
4.040617470638890180e-02
5.376772725726865210e-02
5.276835775115142069e-02
5.215360709935352307e-02
5.771486406156332849e-02
5.183166497360080366e-02
3.943808119468142359e-02
4.628671515874430153e-02
4.547580819977969924e-02
4.261383142569561550e-02
4.143850859780193185e-02
4.378473767705655384e-02
4.436784092875688257e-02
4.161830872769425871e-02
