0.000000000000000000e+00
8.013297534473494688e-01
7.977719911740204228e-01
4.441743608176320079e-01
2.019586511408074936e-01
7.052291300948100583e-02
3.720215135706469306e-02
3.703297967442168576e-02
3.612575669376676124e-02
3.530137762299685733e-02
3.527286408742091872e-02
3.724418858486695794e-02
3.742531403001143897e-02
3.708830332943922198e-02
3.490053243880568423e-02
3.433023475082398052e-02
3.424187909205064079e-02
3.493086670690381118e-02
3.457233077719844283e-02
3.310436010231694592e-02
