0.000000000000000000e+00
8.192163396279137366e-01
6.995501579491365529e-01
2.692512444880104661e-01
7.204682611628242250e-02
2.564056458672412525e-02
2.814318811759264696e-02
3.041525262670579863e-02
2.941421330970299050e-02
2.943990492454285138e-02
3.097347027962321989e-02
3.036420293445844451e-02
2.867161914115380281e-02
2.787438318768125506e-02
2.686423209611655746e-02
2.628673286061012498e-02
2.589366809095566824e-02
2.668963453242932660e-02
2.656596718823902789e-02
2.524365780568311318e-02
