0.000000000000000000e+00
9.399395777718946299e-01
5.754193325966264760e-01
9.409800806685468533e-02
1.730545332431121172e-02
1.894053789209793406e-02
1.568085426390547141e-02
1.951339841235525188e-02
2.443610135065470840e-02
2.484032568805391583e-02
2.445300022852197122e-02
2.322934831658841903e-02
1.965808131876862347e-02
1.604411198934183741e-02
1.648933941616730764e-02
1.817412543529239866e-02
1.805658676627469247e-02
1.888127834174554293e-02
2.191570939426020978e-02
2.207384271370302006e-02
