0.000000000000000000e+00
7.970973033627392068e-01
8.276908205041914046e-01
5.070090558222555277e-01
2.648677272904084168e-01
1.089896831441444364e-01
4.929322137961848760e-02
3.950438939686404249e-02
3.828634153896055131e-02
3.802414184108545564e-02
3.844197693582723091e-02
4.064125882905727377e-02
4.158271254356999541e-02
4.160676523080591993e-02
4.001497356573365666e-02
3.919045254358401870e-02
3.869120822987418690e-02
3.910705382647702844e-02
3.871759752573009777e-02
3.757803526945727862e-02
