0.000000000000000000e+00
7.546421720544232992e-01
8.545053303736878103e-01
6.341072508882429348e-01
4.339654989612698466e-01
2.618735928910285171e-01
1.445842706571938974e-01
6.906433655149833706e-02
3.669256448332471054e-02
3.405803768758331601e-02
3.646273805301320642e-02
3.911950548929234162e-02
4.110528774083312825e-02
4.259587416957189704e-02
4.478308577427332626e-02
4.857269417184444799e-02
5.261083041892160306e-02
5.613860173602517462e-02
5.725272497960342405e-02
5.651690536006179211e-02
