0.000000000000000000e+00
9.664603392008348504e-01
5.288382542712706247e-01
6.065104922368958623e-02
1.359796850988131793e-02
1.722271487000487031e-02
1.450422172396659271e-02
1.650071195916484948e-02
2.061546912282846700e-02
2.571473395132380102e-02
2.395633545970806549e-02
2.548048111588372203e-02
2.726055255885521597e-02
2.479607494137515619e-02
2.178414476813416920e-02
2.335474472576652347e-02
2.592030572976598141e-02
2.643558205773247766e-02
2.398620237676721625e-02
2.403515363729127191e-02
