0.000000000000000000e+00
8.055274851679385950e-01
7.697843183958041902e-01
3.896990310334267904e-01
1.534227100923908349e-01
4.910707434543409161e-02
3.341692327689074760e-02
3.487559560029591249e-02
3.391339832413263478e-02
3.323905879767724558e-02
3.319621700851682622e-02
3.474151237705880302e-02
3.435650889775240802e-02
3.365815919522840982e-02
3.133042094584528869e-02
3.091490151549314974e-02
3.102896655222370237e-02
3.192034970739382471e-02
3.157320848762412008e-02
3.009603735477915654e-02
