0.000000000000000000e+00
7.882434445328416750e-01
9.099632644574059404e-01
7.011502483662291896e-01
5.021376918187133720e-01
3.201674469925609445e-01
1.876884154362113977e-01
9.748956221509295916e-02
5.450338625911546608e-02
4.169252210592545166e-02
4.206220831832875595e-02
4.259803935821905585e-02
4.419327086939513899e-02
4.827246138554959487e-02
5.492638973346527370e-02
6.435465146687077698e-02
7.294822450301953476e-02
7.868511683165359261e-02
7.849984658722063136e-02
7.518985135453902513e-02
