0.000000000000000000e+00
7.839880661738718448e-01
8.844809296548190591e-01
6.476463952421875891e-01
4.320399060050729156e-01
2.461021492721098269e-01
1.183843360857886884e-01
4.377316878142290674e-02
2.481548335938183955e-02
3.725139413049884107e-02
4.412797406948289897e-02
4.136037437953124507e-02
3.516526017944028581e-02
2.951672072900184823e-02
2.889231375826013110e-02
3.335295051658496157e-02
4.057908625073257392e-02
4.941036426692455019e-02
5.609616269002456329e-02
6.273605899286627263e-02
