0.000000000000000000e+00
7.995949651443601258e-01
8.099514050491384287e-01
4.691530559051361182e-01
2.260939690584158335e-01
8.292125501548092137e-02
4.016924607185649865e-02
3.799665924855348542e-02
3.704466808992587512e-02
3.634994214227651316e-02
3.645031561308772344e-02
3.852593477289160268e-02
3.898546442398387324e-02
3.879665354682661910e-02
3.680809374395563327e-02
3.615824841993176691e-02
3.589429940877006397e-02
3.645601712220817442e-02
3.613429200450571366e-02
3.476423811053464680e-02
