0.000000000000000000e+00
7.592412839427906679e-01
8.159250544499908608e-01
5.407002301297905156e-01
3.166480188314649280e-01
1.525542469854015981e-01
6.439139323598806752e-02
3.184064667169838464e-02
3.048219654239989196e-02
3.318501614125737853e-02
3.263537196363238552e-02
3.292247279298163992e-02
3.358988684407925723e-02
3.388183464546781765e-02
3.548733353849559125e-02
3.937984792412448087e-02
4.288679190902756899e-02
4.556756053853534827e-02
4.565146573205591807e-02
4.468238905323426019e-02
