0.000000000000000000e+00
7.459989439666371291e-01
8.153224642568682734e-01
5.607953511056047446e-01
3.472763277411746730e-01
1.821118152445447835e-01
8.216714052427193105e-02
3.033866371533643080e-02
2.156358127735895011e-02
2.734407773611297748e-02
3.153723165076635637e-02
3.359738037685650741e-02
3.333703455778454228e-02
3.240391940209181448e-02
3.119184050270042488e-02
3.239729525140756794e-02
3.456011509320349590e-02
3.843844886632714897e-02
4.116178155060717242e-02
4.416920572915032650e-02
