0.000000000000000000e+00
9.739623077774997029e-01
5.484322377698661599e-01
8.466345815646240947e-02
2.629906726481889487e-02
2.909757645928608139e-02
3.190902143437095162e-02
2.308996966502968595e-02
2.597614440802401350e-02
3.018545004433804274e-02
4.142501914191402956e-02
3.810826054132444851e-02
3.463761162078103639e-02
2.982622777607276537e-02
2.347614058358217168e-02
2.285130438131526692e-02
2.446321353698805226e-02
2.862745218601760525e-02
3.022928891618431591e-02
3.163499703064015511e-02
