0.000000000000000000e+00
7.674700437279846632e-01
8.886052235770205421e-01
6.878897566913106942e-01
4.953759847204906031e-01
3.172247444623513268e-01
1.845593379296309178e-01
9.146132842831372622e-02
3.711054319357499215e-02
1.947567880815312055e-02
2.532353228651785387e-02
2.941870341717430989e-02
3.201085074865842039e-02
3.562890447351514667e-02
4.124221596680548857e-02
4.844009389833337648e-02
5.584984325488833584e-02
6.244127708195300330e-02
6.657304174368075533e-02
6.925397157650008129e-02
