0.000000000000000000e+00
7.824681638900373715e-01
8.888837511376962430e-01
6.601419022183472318e-01
4.486081948855108470e-01
2.622841343415651116e-01
1.309788551554056102e-01
4.989290425922218025e-02
2.417373095559352883e-02
3.524525546770680001e-02
4.367022833788381658e-02
4.225736609295704937e-02
3.692734462315343247e-02
3.161066219834839097e-02
3.101460605929599532e-02
3.554890463781514715e-02
4.281281163680710627e-02
5.165008907317435866e-02
5.834092328892758611e-02
6.476176677637630885e-02
