0.000000000000000000e+00
7.748858130288405199e-01
7.225797329869209085e-01
3.467431035538422468e-01
1.242513275753438090e-01
3.365078683122352948e-02
2.142487065356990170e-02
2.163310130545087126e-02
2.251574957572579500e-02
2.294211343166511000e-02
2.288776800764681998e-02
2.366220018175660064e-02
2.399620391002952810e-02
2.341056317365435360e-02
2.455573615673684387e-02
2.821498715996516998e-02
3.111637422630336713e-02
3.201009228045898630e-02
3.013249953203463519e-02
2.889179351147283525e-02
