0.000000000000000000e+00
8.298857468045695018e-01
6.137439253792041916e-01
1.644495803501700160e-01
3.375325963373966565e-02
2.217731009171608828e-02
1.922848649629574705e-02
1.723215743948701417e-02
1.923433082773283107e-02
2.101582314711302260e-02
2.007069631444031305e-02
1.960546025606261719e-02
1.985848826293545519e-02
1.932688628507557918e-02
2.075392929219518554e-02
2.388644875808207738e-02
2.607162715036441536e-02
2.504632531138771545e-02
2.222746809765988041e-02
2.070908241761493587e-02
