0.000000000000000000e+00
8.066283176871602567e-01
6.435582394382612925e-01
2.193383625597321307e-01
5.539138735719887491e-02
1.761761749665704396e-02
1.262106606767607331e-02
1.518160163145534577e-02
1.995186703644413750e-02
2.236242904355280683e-02
2.239356638025843949e-02
2.062077327576323713e-02
1.800237740271021930e-02
1.538284547931480749e-02
1.507669177150791455e-02
1.692386703215343138e-02
1.758196304509011473e-02
1.918923403944555045e-02
2.111832373151974196e-02
2.213553549286800814e-02
