0.000000000000000000e+00
1.022986450242900247e+00
5.229695887599058457e-01
6.276926190679690820e-02
2.895235609189072620e-02
3.509285042073660016e-02
3.340082329015026108e-02
2.834134001595592714e-02
3.296088391258040345e-02
3.995486268060195745e-02
3.689884574159166958e-02
3.692834836825690387e-02
4.272704514098250167e-02
4.304213993001398258e-02
3.588000413778030806e-02
3.741601138035735574e-02
4.523416479340434948e-02
4.431988238064175911e-02
3.539518679062320788e-02
3.326887969735151801e-02
