0.000000000000000000e+00
8.842659451171328566e-01
5.965106889546970548e-01
1.393998334961294161e-01
3.791036089317655761e-02
2.648734082880816604e-02
1.795120497546445412e-02
2.210492661820690277e-02
3.221616219888027294e-02
3.349991207325190429e-02
3.025710379807213662e-02
2.582551574008055614e-02
2.376175437887859468e-02
2.197621683589309066e-02
2.196307119078478101e-02
2.113424384041303131e-02
1.887675640022066018e-02
2.267178140877796830e-02
2.944308861149130471e-02
3.156774540548872715e-02
