0.000000000000000000e+00
7.934364066611437893e-01
8.534543128754792374e-01
5.667050019391196569e-01
3.336416975661299911e-01
1.607499373074473825e-01
6.207483430755976472e-02
2.544795124827494218e-02
3.127882213880218976e-02
4.260953678896230862e-02
4.325923765785089775e-02
3.540265447414221028e-02
2.708224473989062284e-02
2.176680492009965343e-02
2.042687077183453354e-02
2.354268226802984018e-02
3.021753386612506184e-02
3.854844673917123821e-02
4.555636905545527859e-02
5.306005965103193639e-02
