0.000000000000000000e+00
9.971993578736307873e-01
5.565309060427245935e-01
8.072542988172409784e-02
3.140117472242772573e-02
3.101627825101529318e-02
2.297370082815735487e-02
2.869722868204345120e-02
3.870566324301127903e-02
3.729537969124933211e-02
3.385742430647957490e-02
3.171054176049389189e-02
3.016352102029777257e-02
2.611873220742068694e-02
2.631325915216028641e-02
2.680709600797687858e-02
2.427562518109362827e-02
2.798601023189066506e-02
3.446956641109278491e-02
3.530566147302961061e-02
