0.000000000000000000e+00
8.025970876007602062e-01
8.161759735180764697e-01
4.825205462404248413e-01
2.465954604051501797e-01
1.007983331784584602e-01
3.539374231683823507e-02
2.216224764769376271e-02
3.324725177099770862e-02
4.196114313891764064e-02
4.013801251166781991e-02
3.074125870842566929e-02
2.298408426005362284e-02
1.951192513534895367e-02
1.835446361975628937e-02
1.882974065034509481e-02
2.395293157147916630e-02
3.140626072231302024e-02
3.899753565576303399e-02
4.596735170683885485e-02
