0.000000000000000000e+00
7.643716484516749343e-01
9.056362685281188485e-01
7.360664046458348375e-01
5.666111493274788025e-01
3.990159847726415521e-01
2.623826519368352428e-01
1.559267219084072842e-01
8.068483470450567296e-02
3.442902920993310550e-02
2.385348679409428352e-02
2.986470408459938886e-02
3.711748400469602055e-02
4.553661121807858758e-02
5.339640612313042989e-02
6.123484014253535723e-02
6.862610885551065354e-02
7.524712740575342784e-02
7.936682105984212143e-02
8.208244583074217338e-02
