0.000000000000000000e+00
7.874165670901617231e-01
9.137368170499656772e-01
7.121376978796356561e-01
5.183019534032370368e-01
3.383217560562021831e-01
2.043462646542319183e-01
1.103561738794296004e-01
6.139051575010336798e-02
4.413532728000193334e-02
4.292356690099464328e-02
4.304056905744151756e-02
4.501838455036011322e-02
4.960161773997689288e-02
5.670397234716388624e-02
6.626926076286003553e-02
7.495512915949997801e-02
8.071650864471643927e-02
8.066297567761908371e-02
7.757487615957177340e-02
