0.000000000000000000e+00
7.961166569527463599e-01
8.346017338032083455e-01
5.222538418511577518e-01
2.812180855791359124e-01
1.209268008661922300e-01
5.425616300201056841e-02
4.011383811578901615e-02
3.873054807203037131e-02
3.870075119275920295e-02
3.929343404146692920e-02
4.155742147781096851e-02
4.270783804365756164e-02
4.282459112900772330e-02
4.140806379249383634e-02
4.051336695012497380e-02
3.992279402182902226e-02
4.027524577604901790e-02
3.986424153894962269e-02
3.883802539698952977e-02
