0.000000000000000000e+00
8.078022096618734382e-01
7.558985706966278029e-01
3.640950617108982823e-01
1.325771045048836638e-01
4.093189407197192486e-02
3.216902767616228870e-02
3.383798278852230557e-02
3.282531583268271519e-02
3.239255743322647096e-02
3.255077397499207825e-02
3.372423694356107421e-02
3.305527075228294198e-02
3.222083696595096775e-02
2.994384722276111077e-02
2.956931596106161797e-02
2.970465037575229297e-02
3.064560175301362863e-02
3.034205429609621377e-02
2.887258253623531737e-02
