0.000000000000000000e+00
7.578246979853768828e-01
7.601552050978414021e-01
4.364337220567587883e-01
2.141690677964209755e-01
8.283380431463481519e-02
2.758254001427826174e-02
1.732250242509667665e-02
2.161622343886474701e-02
2.507723536324481597e-02
2.707405718613044299e-02
2.655215028425158066e-02
2.435321020530055794e-02
2.279388527104124831e-02
2.207997738983175084e-02
2.367990113682833658e-02
2.538619021780639390e-02
2.773493187493052820e-02
2.988224426991950913e-02
3.217017576034390813e-02
