0.000000000000000000e+00
8.144022658782276158e-01
7.604542339459539058e-01
3.755218517086780228e-01
1.565654737190835533e-01
5.531253790672965853e-02
2.079101604101227241e-02
1.936841742659067486e-02
3.164489250174093438e-02
3.890751324296928132e-02
3.576770982692967921e-02
2.661282666240731218e-02
2.099758796569732230e-02
1.955826519084183715e-02
1.882594984305132474e-02
1.783802576722197733e-02
1.989371706593385386e-02
2.578579452239306014e-02
3.361128866749226590e-02
3.914432364367592676e-02
