0.000000000000000000e+00
7.925557260638339541e-01
8.598433961645726153e-01
5.803794011313092582e-01
3.475001570431633935e-01
1.737782180280144917e-01
7.975187758590743248e-02
4.418764975006453377e-02
4.027753870839721750e-02
4.120888420165734478e-02
4.317992612499304411e-02
4.604531565166098545e-02
4.784903561437798408e-02
4.833417929792285100e-02
4.743147391280733149e-02
4.647482207634592161e-02
4.549020351205698698e-02
4.555491797526486225e-02
4.516475851434550992e-02
4.440867010441276047e-02
