0.000000000000000000e+00
7.662619240415804445e-01
7.644902588222249884e-01
4.290871280688395850e-01
1.973849018920101062e-01
6.516616393606981805e-02
2.643843867478148923e-02
2.489695192688718556e-02
2.634659784976510141e-02
2.737179540577297857e-02
2.658013253150870100e-02
2.697213556926191663e-02
2.745688132326897998e-02
2.711076849641483669e-02
2.822348077900190336e-02
3.173377419018941908e-02
3.473084147254491133e-02
3.667877484632286328e-02
3.576828489564404939e-02
3.458778110834989650e-02
