0.000000000000000000e+00
7.722200640707923558e-01
9.177025649468144586e-01
7.479518167057875866e-01
5.758186508772358270e-01
4.029927492723928140e-01
2.596578846234830484e-01
1.466168845164121382e-01
6.602612565574489389e-02
2.571258900810759196e-02
2.737298727505588572e-02
4.183725189732005051e-02
4.976872084668518964e-02
5.307350469895901618e-02
5.560626049720801545e-02
6.100288529729240572e-02
6.810841697956716845e-02
7.601458603448385531e-02
8.202833205558356100e-02
8.730010088283096659e-02
