0.000000000000000000e+00
7.586380460419804850e-01
8.210500479346231062e-01
5.525560302206380392e-01
3.306410338687240658e-01
1.644921630348583907e-01
7.084954908942324436e-02
3.362111786562944904e-02
3.083869610432393021e-02
3.360600716944823346e-02
3.330476322833727382e-02
3.367083964393364354e-02
3.438378883110353168e-02
3.476111946066914177e-02
3.642493223119072643e-02
4.035083014561870879e-02
4.390681947481641506e-02
4.667537654807223796e-02
4.692786059783157077e-02
4.596272791524124574e-02
