0.000000000000000000e+00
1.569105345030298526e+00
5.662142751108792949e-01
1.099526455650451651e-01
1.194652772586987377e-01
9.843630763962771257e-02
1.017959836314117211e-01
1.469197609948821870e-01
1.363717888383187971e-01
1.432346445382304267e-01
1.484136303048506078e-01
1.456036062498913819e-01
1.303493237809360827e-01
1.188938254681346368e-01
1.219413176456734249e-01
1.265732900304823993e-01
1.228011890948463303e-01
1.252629392768821459e-01
1.363020497815021492e-01
1.278705478495461290e-01
