0.000000000000000000e+00
7.554152606850822460e-01
8.482175609507650593e-01
6.181699518227441459e-01
4.127674023862472064e-01
2.405923825093081170e-01
1.271892122927677782e-01
5.967827678065495273e-02
3.400418187094077921e-02
3.391201930204727766e-02
3.623996988690290910e-02
3.811502323122380881e-02
3.960885628855546209e-02
4.077172421734754498e-02
4.282123872951570237e-02
4.672863141581376500e-02
5.064457693211665140e-02
5.403239602040191270e-02
5.495024048635270553e-02
5.411324520307864844e-02
