0.000000000000000000e+00
7.918056921036340512e-01
8.910417231592397957e-01
6.489443593744945726e-01
4.289283551928241289e-01
2.428475506118389915e-01
1.216634292166926534e-01
5.621003456509740537e-02
3.650683200733803591e-02
3.691390446589007390e-02
3.985504670959220952e-02
4.051620346837878778e-02
4.067327008702515539e-02
4.280598865542650788e-02
4.799244026954986586e-02
5.681523470810785625e-02
6.522802165720142931e-02
7.087360280472429497e-02
7.021482056211290901e-02
6.624565629476421302e-02
