0.000000000000000000e+00
7.988987644446036152e-01
8.148880548316270733e-01
4.795089567612507153e-01
2.364407047333160206e-01
8.934548673621864334e-02
4.220919495965624879e-02
3.839981060337084584e-02
3.740415443787876298e-02
3.679201181412943000e-02
3.696373877328024138e-02
3.908275801883400596e-02
3.966965286837286636e-02
3.953748130707711306e-02
3.765283500111750448e-02
3.695483665062912482e-02
3.661487309858769967e-02
3.712272747483896795e-02
3.680652127930440776e-02
3.549424797007956489e-02
