0.000000000000000000e+00
7.428119135147638330e-01
8.451173020818235626e-01
6.316942295320887579e-01
4.357886384792738488e-01
2.645584027602506660e-01
1.445982354852891061e-01
6.446976289854178255e-02
2.806372842270800708e-02
2.663096380779404401e-02
3.355535573586439224e-02
3.907258254621663596e-02
4.104989022747441985e-02
4.145143788852938965e-02
4.079909412814935327e-02
4.147883770038923029e-02
4.367284102897760201e-02
4.831354832491793067e-02
5.141118450491767577e-02
5.456878680215152683e-02
