0.000000000000000000e+00
7.716452444970056668e-01
8.672512165706534049e-01
6.302972840876083227e-01
4.164573932152619284e-01
2.358014883476341195e-01
1.163645599449653900e-01
4.442203373134032129e-02
1.763336304191011339e-02
2.266940774383921151e-02
2.754370049080393651e-02
2.752628629646059616e-02
2.672392990416837602e-02
2.792476713463048696e-02
3.212173432434772130e-02
3.890448544275080384e-02
4.612115214830655313e-02
5.225337702062907846e-02
5.588648449338567276e-02
5.838017164191323244e-02
