0.000000000000000000e+00
7.891071532400540933e-01
7.630328823766130419e-01
3.989882700839271767e-01
1.673712237175909445e-01
4.904091769307813986e-02
1.240780979975604145e-02
1.050076229719799220e-02
1.806691275351878304e-02
2.317383560731320000e-02
2.356425131140149967e-02
2.135253977588398577e-02
1.998161746074784972e-02
1.887879500048830761e-02
1.903170367858317627e-02
2.262627262610133333e-02
2.776760005023488562e-02
3.106267853207463764e-02
3.247045232810779475e-02
3.487235244252896021e-02
