0.000000000000000000e+00
9.850443290323036560e-01
5.707952232032749151e-01
7.911459934448539233e-02
1.657772068062986215e-02
2.043307419170632688e-02
1.687545277781214367e-02
2.124782793512671603e-02
2.596249355256556243e-02
2.630998278899084400e-02
2.612365454457105801e-02
2.489486356391072686e-02
2.082949389151422456e-02
1.706413605297264421e-02
1.759715109259031920e-02
1.932145678919923101e-02
1.900182046955386714e-02
1.967901515853863817e-02
2.302826692664589059e-02
2.301070008222162039e-02
