0.000000000000000000e+00
8.082358195740387830e-01
6.413778537801942958e-01
2.157135645334531393e-01
5.370180769977213331e-02
1.738553147303618235e-02
1.261648179674539766e-02
1.517711469169995622e-02
1.995777420899150570e-02
2.235255564442203968e-02
2.236071382124731749e-02
2.059298010595787820e-02
1.797078170960235768e-02
1.531032159178237310e-02
1.502344234568815141e-02
1.686880646939791298e-02
1.750639691116362417e-02
1.910851604679472335e-02
2.105283208468571032e-02
2.205311951712443652e-02
