0.000000000000000000e+00
8.288110277108673429e-01
6.717139517692255479e-01
2.234372505495433314e-01
4.973563393077465311e-02
2.488520746701921443e-02
2.394679086596065987e-02
2.196723205195204309e-02
2.268874195740805746e-02
2.482516651558810614e-02
2.941897272363534765e-02
3.243159972164168237e-02
3.319428540572003788e-02
3.012203935403460694e-02
2.641182092870106302e-02
3.195767568641399298e-02
4.149522153743019637e-02
4.204713257072729971e-02
3.467975151677170353e-02
3.118883322812622885e-02
