0.000000000000000000e+00
1.253147372063603937e+00
5.877747265646323660e-01
4.010439782499791023e-02
2.683635499387994339e-02
3.242325353888098755e-02
2.523099305747088239e-02
3.304923123920900513e-02
3.672242789170970106e-02
3.743226198658432952e-02
3.899625049844562125e-02
3.863619028293740348e-02
2.958916105885566958e-02
2.512661551138273622e-02
2.721573620666227836e-02
2.877087803267838403e-02
2.838766714174804223e-02
2.902807399564976895e-02
3.340587309850181347e-02
3.246340899370706717e-02
