0.000000000000000000e+00
7.960161255432224303e-01
8.610575566278024784e-01
5.739483776158679218e-01
3.334307410583554065e-01
1.543708629132371224e-01
5.985133639191556748e-02
2.843368802954624602e-02
2.995743448974074949e-02
3.500029970500171533e-02
3.720054908763437140e-02
3.760567157978757236e-02
3.682912923303859054e-02
3.692439732753516335e-02
4.056515574386729966e-02
4.878662934863880335e-02
5.729779417326062024e-02
6.246696317719362818e-02
6.083483046676414069e-02
5.670138783553875517e-02
