0.000000000000000000e+00
7.996850365470626887e-01
8.093149380644342195e-01
4.678276687438427395e-01
2.247840812755835249e-01
8.220458143812996166e-02
3.997668381005241300e-02
3.794615047242258510e-02
3.699770649559513958e-02
3.629413359445966131e-02
3.638617232661646439e-02
3.845580873744277456e-02
3.889923384273235446e-02
3.870324159103154943e-02
3.670161156310670914e-02
3.605796210224211651e-02
3.580367289522382035e-02
3.637264485295427230e-02
3.604924538879534374e-02
3.467270682012818517e-02
