0.000000000000000000e+00
9.308360912429353151e-01
5.409383325463577030e-01
8.220679447422701847e-02
2.685406644687148014e-02
3.205803589913894247e-02
2.895448259774697358e-02
2.441551575188023043e-02
2.800288040985812049e-02
3.252588812974420429e-02
3.227790042431693401e-02
3.351434868504409026e-02
3.766386542856241249e-02
3.636236843371861566e-02
3.026061016872351461e-02
3.263120782998337605e-02
4.112306934766818411e-02
4.057444939334286377e-02
3.181385388702518552e-02
2.935545941276838586e-02
