0.000000000000000000e+00
7.512886959115391283e-01
7.869973636552948237e-01
4.953994763069720642e-01
2.736675006295090085e-01
1.232813222830125288e-01
4.573178011865279557e-02
2.042770063086881555e-02
2.194134854131505122e-02
2.638465954052781476e-02
2.905098912742865025e-02
2.946055862565764502e-02
2.800397820472825747e-02
2.659314092441662086e-02
2.554203628991379843e-02
2.710945457117517471e-02
2.906915721947792713e-02
3.205314084606935426e-02
3.438912893539400328e-02
3.712956493671636105e-02
