0.000000000000000000e+00
7.731699349949225919e-01
9.148464597858700920e-01
7.389125440805558442e-01
5.618912550119341542e-01
3.862728072940606605e-01
2.429136658629268974e-01
1.319053213968056082e-01
5.523073578890255741e-02
2.373505815010363770e-02
2.992624210278053629e-02
4.307362389795613838e-02
4.875267219794737067e-02
5.041368454709632685e-02
5.215588324483775434e-02
5.725930504111324121e-02
6.443401609472219904e-02
7.253688173430633546e-02
7.871558914898971193e-02
8.418328301652343304e-02
