0.000000000000000000e+00
7.937060129914615958e-01
8.783742425865058712e-01
6.163406406355761424e-01
3.860765815924586675e-01
2.013964120259963686e-01
8.990764533351565391e-02
4.031341048814330447e-02
3.246725136521867033e-02
3.613424399625010663e-02
3.880754160169359174e-02
3.925208823718386725e-02
3.886045349694330214e-02
3.999672961865529536e-02
4.448763780845876870e-02
5.301583652817699194e-02
6.147519042427438546e-02
6.694917826215324164e-02
6.590165813478023049e-02
6.174358773216580276e-02
