0.000000000000000000e+00
7.559537773911108038e-01
8.436783568871711880e-01
6.068707298513047466e-01
3.980447523191578685e-01
2.262029034781589953e-01
1.157899548090766118e-01
5.383340121719486226e-02
3.303887216830224405e-02
3.415152085693582557e-02
3.591972230929721399e-02
3.735852426874269883e-02
3.859812509315308643e-02
3.957781936073269391e-02
4.157324229869965859e-02
4.551048106366703538e-02
4.933357451346682965e-02
5.263227067850279745e-02
5.343122217493110476e-02
5.253825540464335947e-02
