0.000000000000000000e+00
7.547479115697348639e-01
7.720971029585179668e-01
4.622621125314583801e-01
2.394126897544716637e-01
9.917249494129658227e-02
3.411807929325485350e-02
1.823482007419048243e-02
2.181493241673328892e-02
2.567330224883049641e-02
2.790920702275235393e-02
2.774641018840686563e-02
2.584536001000400929e-02
2.434254696582109287e-02
2.348592399801479463e-02
2.506261372068251114e-02
2.688628960621044367e-02
2.949318196505635800e-02
3.169248935876007450e-02
3.420720208804813034e-02
