0.000000000000000000e+00
7.653916836766138099e-01
7.698050907999435255e-01
4.400653529353985016e-01
2.081103214725328610e-01
7.103401864423283807e-02
2.800039180301883493e-02
2.540396074258446241e-02
2.688309503474050829e-02
2.799474671935216555e-02
2.712857399319796442e-02
2.748119746883691261e-02
2.797543017192562903e-02
2.768543796663762088e-02
2.883613825881630593e-02
3.238475588795926285e-02
3.540366397027083084e-02
3.742769923568882440e-02
3.661661013816235738e-02
3.545295732324972582e-02
