0.000000000000000000e+00
7.724463987986481817e-01
9.170177239216308340e-01
7.457773560942042579e-01
5.724508046777294634e-01
3.989215925638026072e-01
2.555487877946768793e-01
1.429752855309960602e-01
6.326484097457227285e-02
2.515040558820819810e-02
2.799567849720060314e-02
4.217815425850221511e-02
4.954175283425417409e-02
5.242855052067967730e-02
5.475719975689485181e-02
6.007659851615228253e-02
6.719818992843638872e-02
7.515385994578732687e-02
8.121019888191130520e-02
8.653206052463822961e-02
