0.000000000000000000e+00
8.025263501792968546e-01
7.894935560714964051e-01
4.276513090723466637e-01
1.866412939590375575e-01
6.327324245913913681e-02
3.568449998549613061e-02
3.638757422936816227e-02
3.547902254988066079e-02
3.466460677401014823e-02
3.458141253971595136e-02
3.643772877603447535e-02
3.645011252108958100e-02
3.601015787734920814e-02
3.374336126082019133e-02
3.319883749643907922e-02
3.320674431419824713e-02
3.397204212379428129e-02
3.359268930483141902e-02
3.208285574887535102e-02
