0.000000000000000000e+00
7.859382917242518918e-01
9.201361364469817783e-01
7.312084624223017526e-01
5.469713293000642018e-01
3.714330723144981805e-01
2.357430101069246942e-01
1.360579439824683157e-01
7.620038888950760037e-02
5.001713855701598460e-02
4.504040711087900495e-02
4.411488517155834344e-02
4.652812002988546136e-02
5.207515038456362461e-02
6.018331154667469485e-02
6.996653863129134732e-02
7.883649696381749006e-02
8.461746564335509424e-02
8.488922597244162593e-02
8.254937557366749667e-02
