0.000000000000000000e+00
7.885811367232259395e-01
9.083701195280570184e-01
6.965710663980020367e-01
4.954786470822548083e-01
3.127988546536976111e-01
1.810439394977401140e-01
9.270831278875905912e-02
5.206685566615160826e-02
4.096283195194076049e-02
4.176209162018952592e-02
4.240664614401412624e-02
4.385605070396270816e-02
4.773861797069926804e-02
5.422058273524060085e-02
6.359598430436035066e-02
7.215474374274774561e-02
7.787796795018300799e-02
7.767706338156311896e-02
7.428712152764622989e-02
