0.000000000000000000e+00
7.656406786095609762e-01
8.981721119403249798e-01
7.148233322205430618e-01
5.346561715101223466e-01
3.614183857197331706e-01
2.255723472234581473e-01
1.244412444131963724e-01
5.785204865738015345e-02
2.485156262457242915e-02
2.393544845010955185e-02
2.961926821847757005e-02
3.483633646344821977e-02
4.073457795898287326e-02
4.741051286605248855e-02
5.491268538138653621e-02
6.228115845333074413e-02
6.893328882383502332e-02
7.313556276560326253e-02
7.585433768141360000e-02
