0.000000000000000000e+00
1.210524218690418596e+00
5.677086278786078744e-01
5.550649546545213114e-02
3.683655510720544590e-02
3.295680666844418710e-02
3.026514461207457929e-02
2.714771039389215351e-02
3.306748475078485905e-02
4.382306915837524963e-02
3.789915856861553189e-02
2.912194795203864456e-02
3.180634689141944443e-02
3.272741371409418343e-02
3.415500830653796227e-02
3.412559565378672083e-02
3.623009608878718230e-02
3.047206057341176472e-02
2.990050503282457722e-02
2.755523222814667411e-02
