0.000000000000000000e+00
7.718594361936450543e-01
8.660826364501619246e-01
6.272715013550712593e-01
4.125049068877796876e-01
2.319923582938174522e-01
1.134345221552490041e-01
4.272269546870648832e-02
1.747532995488226826e-02
2.290863957314498087e-02
2.756989431067088589e-02
2.740427177239035741e-02
2.648979035441212035e-02
2.762102274706846120e-02
3.175572194055625158e-02
3.852127095817405728e-02
4.571001442320810765e-02
5.181196020808526842e-02
5.541622823499924022e-02
5.790153050928000672e-02
