0.000000000000000000e+00
7.951664699728490104e-01
8.470011923992545322e-01
5.512193440336681238e-01
3.164933739389161893e-01
1.477656026824194224e-01
5.557144273811527591e-02
2.463523023310446036e-02
3.207921550534331007e-02
4.275335802005536534e-02
4.275109939817527127e-02
3.436447898083355712e-02
2.605562733041448184e-02
2.113309712109389185e-02
1.979336319310163669e-02
2.234350517657041416e-02
2.880380443634365101e-02
3.698155555368368153e-02
4.404284224356513205e-02
5.157918025122828348e-02
