0.000000000000000000e+00
7.968087339890568277e-01
8.297278983681808384e-01
5.114731915454446831e-01
2.696117999040864022e-01
1.124075415542712258e-01
5.070011217647579782e-02
3.968129897349031293e-02
3.841826351336698198e-02
3.822292413708645170e-02
3.868900592132128863e-02
4.090558215413585275e-02
4.190714740624308654e-02
4.195776382246615976e-02
4.041631709385128113e-02
3.957124691213616957e-02
3.904567430644234616e-02
3.944408111573691200e-02
3.904911183862241897e-02
3.794166160237506802e-02
