0.000000000000000000e+00
8.131542146332341181e-01
6.537227902163835758e-01
2.224166421177951047e-01
5.113598953552673382e-02
1.256804610752698843e-02
9.522950127450911448e-03
1.169218236368030871e-02
1.658926803328347049e-02
2.055929893068025871e-02
2.046838827947331310e-02
2.042940008745677133e-02
2.026390795725653560e-02
1.861148605316881310e-02
1.759040480894097369e-02
1.907096270327916787e-02
2.286433587956993030e-02
2.377753260093617982e-02
2.347339294497504184e-02
2.549559733899034800e-02
