0.000000000000000000e+00
7.980474271575432876e-01
8.450855044957819029e-01
5.366854876015587639e-01
2.899440041752942010e-01
1.188279286548143826e-01
4.252412334702310864e-02
2.488352166281587036e-02
2.914623453777302406e-02
3.353605804035442867e-02
3.570914268588550738e-02
3.640659690646956548e-02
3.533208468057753154e-02
3.457520697640115159e-02
3.759782513466511378e-02
4.561614779776231032e-02
5.409906322680258645e-02
5.894533337292204300e-02
5.673994133349339469e-02
5.272648574452392517e-02
