0.000000000000000000e+00
7.809873341513494660e-01
8.930406105252135518e-01
6.722066051135858755e-01
4.649742976866611532e-01
2.787784661343110093e-01
1.444616831572812787e-01
5.754529227952962650e-02
2.467111638079551653e-02
3.321370263273615980e-02
4.293409600236513385e-02
4.305870197331314320e-02
3.871091330903018990e-02
3.384965903642600527e-02
3.330964438055659949e-02
3.791310792530036555e-02
4.522818495084401230e-02
5.404335947587885630e-02
6.070647938137181676e-02
6.692011674602252325e-02
