0.000000000000000000e+00
7.906353961344557701e-01
6.700959626205205133e-01
2.640658134522337885e-01
7.966748686691013659e-02
2.263188899760482445e-02
1.292361357956883262e-02
1.536236439011931694e-02
2.013768833780742867e-02
2.254478405987355577e-02
2.293016560003420870e-02
2.114152458552418651e-02
1.852052925107125839e-02
1.639320620187158586e-02
1.589238950089189722e-02
1.769994689578001726e-02
1.866119099476994461e-02
2.034299180313409172e-02
2.214047448617048608e-02
2.341533258858381067e-02
