0.000000000000000000e+00
8.324973505012061015e-01
6.532803491997816181e-01
2.016272662212677536e-01
4.427048634261646770e-02
2.294676143050942974e-02
2.576034534864805534e-02
2.869971104740342074e-02
2.806178781835162034e-02
2.782065950829347781e-02
3.030670121135459541e-02
2.856976326205277333e-02
2.585050928133601419e-02
2.582928018705448955e-02
2.577849560939074122e-02
2.464839707749405875e-02
2.404294315199902513e-02
2.475444289116495583e-02
2.474623070231383309e-02
2.357001762375294726e-02
