0.000000000000000000e+00
7.890794961867080293e-01
9.059557074426439760e-01
6.896989828404842537e-01
4.855717918222131613e-01
3.019582072967844089e-01
1.713955816444239777e-01
8.596429635388291857e-02
4.876284003997315153e-02
4.002688904623952215e-02
4.135661050913593678e-02
4.211354937170621454e-02
4.335951262655494964e-02
4.695975472825995867e-02
5.319804871812074815e-02
6.249777381082946559e-02
7.100802072871489901e-02
7.670674862776019620e-02
7.647803817890479194e-02
7.298595426510637307e-02
