0.000000000000000000e+00
9.801743622859918625e-01
5.587167759160243108e-01
8.520105885030701542e-02
3.095805231468342147e-02
3.020212765617451278e-02
2.218672920979935723e-02
2.765992334031669095e-02
3.768999167324107308e-02
3.655530023271478385e-02
3.321770486163296704e-02
3.077327952147470430e-02
2.920022966906912765e-02
2.544647712220448818e-02
2.557352066534697779e-02
2.588908140322320611e-02
2.338403014134212907e-02
2.709013623344715127e-02
3.361551906074232432e-02
3.460951093335090656e-02
