0.000000000000000000e+00
8.323575299242542691e-01
6.861756777414158570e-01
2.580137405259767536e-01
8.317827547420318657e-02
3.168429962246793741e-02
1.618706685631790890e-02
1.878695906229364831e-02
3.021441224092400249e-02
3.527642465037253428e-02
3.189663832733054954e-02
2.453624571799925547e-02
2.091769301447384335e-02
2.002547857370144332e-02
2.004260808203436189e-02
1.850218807534781407e-02
1.771819126034132261e-02
2.242349097626161400e-02
3.012362443285936456e-02
3.392868225402723842e-02
