0.000000000000000000e+00
7.663464260471558598e-01
8.943844875276383277e-01
7.041023821340625100e-01
5.188484483408338788e-01
3.433557826601542629e-01
2.085012612223884898e-01
1.104267849081084218e-01
4.860240667381186125e-02
2.190400649795591972e-02
2.443873316784902008e-02
2.961721203273631753e-02
3.370527496904499043e-02
3.858742878395823861e-02
4.479849588485360079e-02
5.212289630607785940e-02
5.949647373039479437e-02
6.616131244553347113e-02
7.037171791061752613e-02
7.307989316183495510e-02
