0.000000000000000000e+00
7.532030895878780719e-01
7.785272914485692475e-01
4.764420285579004655e-01
2.538155548052426491e-01
1.090441605421255816e-01
3.855197107503782750e-02
1.895012844167522428e-02
2.185187305066941740e-02
2.597392286159896577e-02
2.838168495202156999e-02
2.845207589153807282e-02
2.672914855918932797e-02
2.525852876131860422e-02
2.432391837615269226e-02
2.589251791685797874e-02
2.778156429882059492e-02
3.053843511786272225e-02
3.277648699830107426e-02
3.540676200163723336e-02
