0.000000000000000000e+00
8.469104860216799535e-01
5.856005367200382006e-01
1.353713830283253261e-01
2.230061159957535261e-02
1.334053660430640706e-02
1.110673120702368455e-02
1.298986308418787622e-02
1.708619626462663799e-02
2.070585221635064602e-02
2.042615823489371193e-02
2.120611105025891827e-02
2.179471784425094857e-02
2.006113960208414509e-02
1.798570617307942987e-02
1.930675967107140303e-02
2.219498001452400310e-02
2.266691319505063917e-02
2.156483410785163882e-02
2.265527645028682369e-02
