0.000000000000000000e+00
7.486364517336506763e-01
8.000255678982283181e-01
5.251206749755065184e-01
3.061414306829863818e-01
1.480848965097803227e-01
6.006001466752803469e-02
2.394526079844810917e-02
2.192538524914196957e-02
2.699003117593684609e-02
3.019645937981876166e-02
3.120475725591349489e-02
3.023538503314572579e-02
2.895309005796119911e-02
2.781526039096816894e-02
2.927369226730051552e-02
3.132985481382309645e-02
3.471318988137832989e-02
3.719422499737605470e-02
4.007720377977862236e-02
