0.000000000000000000e+00
7.967376474501540740e-01
8.302291300811508457e-01
5.125753835582140816e-01
2.707886800017889617e-01
1.132612243091228876e-01
5.105330180602088430e-02
3.972486358160717823e-02
3.845029939710054023e-02
3.827192738883378881e-02
3.875029335361161037e-02
4.097134259935757833e-02
4.198787697515498490e-02
4.204512183657633378e-02
4.051623245658707295e-02
3.966608635030143687e-02
3.913396110984643239e-02
3.952792395912038681e-02
3.913173182610044099e-02
3.803234787262071287e-02
