0.000000000000000000e+00
8.676134135582540541e-01
5.876437950428998747e-01
1.250230134549127903e-01
2.702663231118779957e-02
2.222640487540547202e-02
2.360999585543408635e-02
2.855430092017496521e-02
2.861020338523222184e-02
2.751716290273823265e-02
3.111686477722055977e-02
2.759718595884989509e-02
2.300459955670320147e-02
2.461172252045474088e-02
2.583548750839777253e-02
2.347847687734423705e-02
2.309191533629055895e-02
2.455445350375569380e-02
2.441015598988710913e-02
2.311051008744165539e-02
