0.000000000000000000e+00
7.696915519864332422e-01
8.774549649531143691e-01
6.572931929765707393e-01
4.525742729045214574e-01
2.718088245774318290e-01
1.452535954468993085e-01
6.300502588849166141e-02
2.342570665699049426e-02
2.105632124711077913e-02
2.690860132383557021e-02
2.856793198023471758e-02
2.901914091246002997e-02
3.108445249843748773e-02
3.584713965320553836e-02
4.283184389914718171e-02
5.018006581300742119e-02
5.655428995265036202e-02
6.043313215816941558e-02
6.301994726209970976e-02
