0.000000000000000000e+00
7.612856744653678787e-01
7.989717460451409847e-01
5.025249523427857135e-01
2.733250752329587363e-01
1.175949873519291644e-01
4.744912927839536887e-02
2.826427365102792896e-02
2.921937860104228610e-02
3.143649293753084800e-02
3.045696315650689434e-02
3.068864436127614892e-02
3.125144917498776098e-02
3.130482261193005128e-02
3.272008679519085306e-02
3.648932881893956343e-02
3.981549090043711575e-02
4.223324585533097530e-02
4.186048393135398393e-02
4.086672406519645945e-02
