0.000000000000000000e+00
1.045996010531987874e+00
5.217102110269536963e-01
5.944731080552639185e-02
2.983857545990857216e-02
3.611071620495333312e-02
3.457300530598089033e-02
2.944361054136649183e-02
3.426679603536893215e-02
4.185068515431265845e-02
3.817813597878871174e-02
3.796566952448535148e-02
4.414084819044788999e-02
4.474143105908671286e-02
3.740933081188023424e-02
3.887931930051512913e-02
4.646596127293063649e-02
4.546458252354090152e-02
3.655653813288915754e-02
3.444146800487896815e-02
