0.000000000000000000e+00
7.803826775304061325e-01
7.022731643608439711e-01
3.095573343105244013e-01
9.616905312825557717e-02
2.476298383423045785e-02
2.018208828624094148e-02
2.037469686248389450e-02
2.093341308752627236e-02
2.142189817946627689e-02
2.159339143390805529e-02
2.247902449263849620e-02
2.265787748920565850e-02
2.198054564920738640e-02
2.333528447258351526e-02
2.711233066423742247e-02
2.978844809574218364e-02
3.027893000255091685e-02
2.800217666713166950e-02
2.670723421988428423e-02
