0.000000000000000000e+00
8.037088886238782370e-01
8.111688691748601965e-01
4.720803592331406229e-01
2.368193119857753826e-01
9.500078389495870967e-02
3.326967228289397227e-02
2.185991807116168667e-02
3.319811846507558090e-02
4.172356056608692021e-02
3.971896288282932702e-02
3.029120317852102701e-02
2.268813716454197785e-02
1.942297451318318602e-02
1.831399000116238490e-02
1.848019808880929649e-02
2.337679639664636336e-02
3.073115122217359718e-02
3.837819816126578076e-02
4.522130826561310268e-02
