0.000000000000000000e+00
7.567202937741177582e-01
7.643215346623966067e-01
4.453696068000666530e-01
2.227582278149627393e-01
8.825336693909430208e-02
2.963795971959806708e-02
1.758545958058013031e-02
2.170167516005808497e-02
2.528869960161060637e-02
2.735822407027271169e-02
2.695148177050884011e-02
2.485270560204093024e-02
2.331492385607416770e-02
2.255101060796095222e-02
2.414172052167564558e-02
2.588735639026766566e-02
2.832240073998788105e-02
3.048259858742406736e-02
3.285440500635686267e-02
