0.000000000000000000e+00
8.697712355377389404e-01
5.852254093789432954e-01
1.227635900114831397e-01
2.691372222584231116e-02
2.219768690316518620e-02
2.356067158743733320e-02
2.864963005585778599e-02
2.874000213580907293e-02
2.762828557191013973e-02
3.122605005220609881e-02
2.762604444731771650e-02
2.294880324229928853e-02
2.464254005587221408e-02
2.586731945065188706e-02
2.346686162665014702e-02
2.310750963409662073e-02
2.460345010413993519e-02
2.446512138182188600e-02
2.313532246326286193e-02
