0.000000000000000000e+00
7.906336502533466426e-01
8.723632142725550320e-01
6.109980562901557999e-01
3.850208148413133968e-01
2.067873088784776270e-01
1.002464021667609506e-01
5.014923226925269151e-02
4.084050724992110276e-02
4.264856157230143691e-02
4.546630569400310351e-02
4.891405102022266388e-02
5.105901994804123989e-02
5.189493255845670922e-02
5.122768616108959450e-02
5.047088473322343394e-02
4.927568339091936006e-02
4.903260451466832925e-02
4.867671642405196203e-02
4.789879676923883972e-02
