0.000000000000000000e+00
7.815247511516838497e-01
8.089112150745988439e-01
4.919846362195323120e-01
2.547002337998651167e-01
1.016921754392369759e-01
3.092255479726279885e-02
1.179670378744806895e-02
1.893166685647412403e-02
2.505176970654560478e-02
2.557126245020233807e-02
2.282865161702066562e-02
2.067174748388787842e-02
1.995580869286458017e-02
2.138176364858108275e-02
2.703690937490733220e-02
3.292522963506959444e-02
3.733726825573228242e-02
3.971756643409886378e-02
4.210654331401634393e-02
