0.000000000000000000e+00
7.898554354066255057e-01
8.659622677832329307e-01
5.979895031098798608e-01
3.699054416761225483e-01
1.900692959313412256e-01
7.966503149386106042e-02
2.949276155684283501e-02
2.911011395016921410e-02
4.164401253481322951e-02
4.408411517339175245e-02
3.765544967985531843e-02
2.943090889220452422e-02
2.359976753648393086e-02
2.248050026645661073e-02
2.657422914138976230e-02
3.353648241841979127e-02
4.213594422927972871e-02
4.902246649976056692e-02
5.632302808558931756e-02
