0.000000000000000000e+00
8.167499061980796338e-01
7.101035922239107290e-01
2.859344135462528746e-01
7.979683423608262272e-02
2.644693087354405697e-02
2.878792589728406195e-02
3.094774240141858271e-02
2.992706573720675667e-02
2.998056904550323171e-02
3.122329904457064181e-02
3.091342176929143606e-02
2.938794471893522650e-02
2.854861188936796620e-02
2.730387565444715794e-02
2.676265663375968287e-02
2.646028938107545386e-02
2.729558933394882203e-02
2.710660788171365132e-02
2.575224380974042854e-02
