0.000000000000000000e+00
7.936530463059423557e-01
8.521894279300009645e-01
5.623022492858409382e-01
3.262044850778076377e-01
1.560316474445198054e-01
7.050189316390986782e-02
4.247497969200565021e-02
3.985972503835281955e-02
4.045438494413670233e-02
4.190476795994346748e-02
4.450168363575562197e-02
4.609481917916588567e-02
4.642646036933675141e-02
4.540835332603424673e-02
4.440273897159659200e-02
4.355436314885813981e-02
4.376340495928196517e-02
4.334652819147873787e-02
4.253063104142213585e-02
