0.000000000000000000e+00
7.878689180341715836e-01
9.116951453617716528e-01
7.061678104253503729e-01
5.094867131939732063e-01
3.283745477973178950e-01
1.951689392131324419e-01
1.030928714484298930e-01
5.747246618914444299e-02
4.266636169514660681e-02
4.242210180400642072e-02
4.280340097292558571e-02
4.456772198739390733e-02
4.887109595779717819e-02
5.572312682358236680e-02
6.521193529822738588e-02
7.384601458322313794e-02
7.959549014516775767e-02
7.944550527646329630e-02
7.624196435418609252e-02
