0.000000000000000000e+00
7.428990920698298472e-01
8.435674757875413210e-01
6.279905808716281790e-01
4.309467267243842215e-01
2.597359244143030987e-01
1.406550370717135623e-01
6.175385514260327974e-02
2.736471041184242170e-02
2.669685188289776939e-02
3.352579223856099605e-02
3.879644907907980889e-02
4.059463141959253341e-02
4.088470203000545838e-02
4.016364857105884228e-02
4.086005077903242383e-02
4.305930184597617921e-02
4.768223911839717527e-02
5.074879249741007931e-02
5.391922996291811238e-02
