0.000000000000000000e+00
7.715045372200358686e-01
8.680134629186360140e-01
6.322780061953927611e-01
4.190551605675295610e-01
2.383192902626302678e-01
1.183149715929427831e-01
4.556132246920806261e-02
1.777950747333186671e-02
2.252728326840943221e-02
2.752253430381370811e-02
2.760594334360178329e-02
2.687942353973279963e-02
2.812695957162086521e-02
3.236559223666244517e-02
3.915958103903550286e-02
4.639459464273283651e-02
5.254637311587138926e-02
5.619823785410130862e-02
5.869740871204522092e-02
