0.000000000000000000e+00
8.362460678368807132e-01
6.429555918869909181e-01
1.877727852042138379e-01
3.947660595966680924e-02
2.270115613684425132e-02
2.530938816156160648e-02
2.842262473792303568e-02
2.789733980912920824e-02
2.767591847417860684e-02
3.023690563563605216e-02
2.826267859924721723e-02
2.530025847842744952e-02
2.548493421182967261e-02
2.569233239581503875e-02
2.437390893959563015e-02
2.378446063378660685e-02
2.447117237084013228e-02
2.445158645567164016e-02
2.336086209093922450e-02
