0.000000000000000000e+00
8.101345860718331959e-01
7.426428388821013638e-01
3.404930553856916897e-01
1.144858926184043890e-01
3.511519671960441902e-02
3.108272975403822413e-02
3.288046632391469076e-02
3.191180272130968859e-02
3.168608727213224896e-02
3.212411979131180734e-02
3.283083622955940833e-02
3.190439904644244012e-02
3.103009060520721396e-02
2.897744803916665196e-02
2.859743418003209484e-02
2.861739322309150152e-02
2.955081611783185250e-02
2.926021886311891071e-02
2.780722009069103856e-02
