0.000000000000000000e+00
1.085991937634590343e+00
5.712635169981565841e-01
5.874158286279761165e-02
1.906221208669897638e-02
2.409703373091329898e-02
1.960250281588886076e-02
2.521707099913620895e-02
2.966652277504788771e-02
3.011542126669327149e-02
3.035533114169127258e-02
2.941612964931085775e-02
2.380847242441939265e-02
1.957325656498324490e-02
2.059331310931422979e-02
2.226822025770947705e-02
2.173111904129929051e-02
2.254519386727827854e-02
2.621892985507210186e-02
2.591935644500229993e-02
