0.000000000000000000e+00
8.570880566369848408e-01
6.286685839542859311e-01
1.804325906808386670e-01
4.970697044666646386e-02
2.629480207828920751e-02
1.684790647266229055e-02
2.044700670021200317e-02
3.077178130888293811e-02
3.357534551604141743e-02
3.024754768349028136e-02
2.471214983226812517e-02
2.208946244793029770e-02
2.092235705293016279e-02
2.095181802044689470e-02
1.973928911311681467e-02
1.775778672000827632e-02
2.197237682846021889e-02
2.894881939132384202e-02
3.177329079009595658e-02
