0.000000000000000000e+00
7.552864985098943773e-01
8.492859973470477941e-01
6.208541791430635115e-01
4.163024812978169398e-01
2.440954057404549626e-01
1.300088926546310586e-01
6.114490774674129214e-02
3.437793800751368783e-02
3.391885399245404137e-02
3.629778855600197807e-02
3.829044166261768439e-02
3.985552672933410229e-02
4.106691520748925739e-02
4.312868917333771701e-02
4.702730073941841643e-02
5.096505708782982091e-02
5.437327790903415115e-02
5.532047172335673169e-02
5.449924629732115500e-02
