0.000000000000000000e+00
7.955686882705462759e-01
8.454597551203590911e-01
5.475824057827197722e-01
3.125415190444639779e-01
1.448537775986799558e-01
5.418348403989027562e-02
2.449378252296612393e-02
3.223469080176907114e-02
4.276359359994718473e-02
4.262540703707701217e-02
3.412808740219834547e-02
2.582742074010107095e-02
2.100968617320522064e-02
1.966045733474625079e-02
2.207875078007037750e-02
2.848947285970722387e-02
3.663919018923900150e-02
4.371841027045252071e-02
5.124173242285328528e-02
