0.000000000000000000e+00
7.807081038665136807e-01
8.938122341556026251e-01
6.744748570787330033e-01
4.680919835210438640e-01
2.819772591551314433e-01
1.471317834162134131e-01
5.918961650616460374e-02
2.485654426175076467e-02
3.281023541035901075e-02
4.275625514836108032e-02
4.319804162885935300e-02
3.905391484946400121e-02
3.429169367221793913e-02
3.376818519862006401e-02
3.838680037021290070e-02
4.571230020333801741e-02
5.452065990270756751e-02
6.117646777635400018e-02
6.734933063355146021e-02
