0.000000000000000000e+00
8.605693020222274781e-01
6.255843351573230349e-01
1.724889900916789509e-01
4.216219356159636028e-02
2.756841286535318541e-02
2.872970052239221667e-02
2.104267316968155138e-02
1.845612801795736002e-02
2.229543370119706908e-02
3.066050293593123449e-02
3.129525486850884969e-02
2.828435900000490083e-02
2.536758336543596531e-02
2.072490844463485346e-02
1.920331761265021281e-02
2.070804670250916274e-02
2.378868107953388197e-02
2.518594082172770365e-02
2.848715406574555201e-02
