0.000000000000000000e+00
8.470477363228949841e-01
6.186446123209885517e-01
1.582713073427225170e-01
3.231829343986388631e-02
2.255766910416693791e-02
2.444108534419231135e-02
2.809599706701994271e-02
2.798776339109454100e-02
2.736538647231782570e-02
3.033804354146992996e-02
2.772932971226289151e-02
2.413311165178529810e-02
2.491099969694026556e-02
2.563456415660276058e-02
2.385063401204872563e-02
2.329473626725529767e-02
2.430279401327252453e-02
2.416401468167052660e-02
2.309084851420897463e-02
