0.000000000000000000e+00
7.905505819376380527e-01
8.728799169224938925e-01
6.122912054611865385e-01
3.866456287517771040e-01
2.082652498798743534e-01
1.012820368868657672e-01
5.053948536482504722e-02
4.087005332223470067e-02
4.270846858510109201e-02
4.556779593676152373e-02
4.904051482749311602e-02
5.120201915223927813e-02
5.205401568360781828e-02
5.139946392785942758e-02
5.065205364268217381e-02
4.944717996341091437e-02
4.918943996785195283e-02
4.883788091641782375e-02
4.805620456334105950e-02
