0.000000000000000000e+00
8.154840672693665082e-01
7.158265581630655072e-01
2.951839612738380025e-01
8.431222048896541699e-02
2.697745943489341172e-02
2.915606897585320059e-02
3.126016599981676358e-02
3.026790945834304317e-02
3.027701202226857485e-02
3.136831380320458801e-02
3.122486019840427576e-02
2.979975884960818500e-02
2.894557514630958020e-02
2.755971361494144109e-02
2.703664593335392691e-02
2.678767179276797181e-02
2.764371089637520859e-02
2.741315070816752880e-02
2.605368811385853564e-02
