0.000000000000000000e+00
7.423752215797020382e-01
8.571030659472439472e-01
6.604556940739604309e-01
4.742218792233209856e-01
3.040835348768838320e-01
1.781591950162694227e-01
8.897557736836159137e-02
3.613749392348600264e-02
2.686244336666612775e-02
3.350321337046087422e-02
4.103412413825009708e-02
4.476294442957858694e-02
4.629309966902653978e-02
4.628746827480689080e-02
4.690893183126797206e-02
4.904895005979525296e-02
5.379377923726139793e-02
5.706540974470532962e-02
6.013245541241109271e-02
