0.000000000000000000e+00
4.136873909499400731e-02
1.090447461359823900e-01
1.804802321970794265e-01
1.868079924906873024e-01
1.473801819058788987e-01
1.944892827491555842e-01
1.566036113381555628e-01
1.609437427637194495e-01
1.728058100983115852e-01
1.538655872393487889e-01
1.642613232334800000e-01
1.708841856641195311e-01
1.437047609521708569e-01
1.625031130109130806e-01
1.654990505342905649e-01
1.515822495782452317e-01
1.629478698338543419e-01
1.853200427492736613e-01
1.650249571374439450e-01
