0.000000000000000000e+00
8.280569410770978189e-01
7.068998896922895625e-01
2.814791404767807426e-01
8.917883470514920141e-02
3.475571361088881234e-02
2.933586282934629377e-02
2.289242328446597363e-02
1.827403558227787272e-02
1.957434340968965125e-02
2.656898963006207662e-02
2.994420593699943442e-02
2.840214136646096107e-02
2.504732274141842699e-02
2.135458392207022216e-02
2.019152314974231865e-02
2.163848439077693461e-02
2.431024534978300927e-02
2.564921111914452920e-02
2.991543006568581076e-02
