0.000000000000000000e+00
8.300350060702508248e-01
7.002516349898125769e-01
2.715158580493674534e-01
8.385580091543952397e-02
3.345955220071225589e-02
2.918750170689189335e-02
2.265535459049255324e-02
1.816076752560361399e-02
1.973494275521993357e-02
2.685018596424361068e-02
2.998486139415236854e-02
2.830206545858951137e-02
2.502679286599956976e-02
2.122004119251789597e-02
2.001028092831035055e-02
2.144117578664529733e-02
2.418419810071087070e-02
2.555043118813103697e-02
2.974794062170839706e-02
