0.000000000000000000e+00
7.670914447879705333e-01
7.290148665139178918e-01
3.723909860404337469e-01
1.572099188839886363e-01
5.095169234208461739e-02
1.793917190699874722e-02
1.628260813994333520e-02
2.100968494779711926e-02
2.376907099061586690e-02
2.515180638257447782e-02
2.404683974270398206e-02
2.154823472104850854e-02
1.983505495345195754e-02
1.918448139620641119e-02
2.080898565000226935e-02
2.233639869440913819e-02
2.432952084697781459e-02
2.623371296975410619e-02
2.804922803149626984e-02
