0.000000000000000000e+00
7.814650057920091708e-01
8.917123031628616525e-01
6.683229363379126209e-01
4.596662622439499635e-01
2.733739216945277883e-01
1.399907510116984444e-01
5.486872386101662724e-02
2.440001409433117593e-02
3.386323247931694730e-02
4.320784942543270252e-02
4.281081694511797153e-02
3.812898188870785660e-02
3.310858957110365819e-02
3.254492249907708912e-02
3.712410421419278655e-02
4.442063542041948393e-02
5.324466319872626224e-02
5.991804813969715815e-02
6.620364714800434924e-02
