0.000000000000000000e+00
7.763294423062853111e-01
8.403781595836258278e-01
5.635346314282685398e-01
3.335868913962842242e-01
1.614370765007786535e-01
6.400665559954148154e-02
1.924416544631427431e-02
1.723121097894340231e-02
2.539479610620289096e-02
2.702793341902364962e-02
2.493711553555141500e-02
2.274530849441458794e-02
2.267856714276965738e-02
2.572780090437615935e-02
3.202866159989722905e-02
3.856213214716806142e-02
4.392744504017381119e-02
4.689156241343581111e-02
4.935745246178337153e-02
