0.000000000000000000e+00
7.660991004858994646e-01
8.956938316181938253e-01
7.078008212775160901e-01
5.242761229890404717e-01
3.495160469481828902e-01
2.142764275570011590e-01
1.151236750122274638e-01
5.166418656404239695e-02
2.280302114679028450e-02
2.426898194008194135e-02
2.961139640081389759e-02
3.409561402751837278e-02
3.931131536723371511e-02
4.567582473602600779e-02
5.305217556434895648e-02
6.042718288725933834e-02
6.709107144288152524e-02
7.130040715618485292e-02
7.401316288243198205e-02
