0.000000000000000000e+00
8.120255146675902092e-01
6.574170857236470988e-01
2.275203299830557135e-01
5.343487716941933141e-02
1.274798664580036912e-02
9.436960515638954591e-03
1.164384785968481696e-02
1.661076669262064043e-02
2.058966043487673106e-02
2.052749233197037268e-02
2.041898323038637830e-02
2.021154382901571567e-02
1.856148979239822389e-02
1.759447152551800453e-02
1.909787276912345080e-02
2.293535037449826591e-02
2.391487464873159885e-02
2.362888231996441643e-02
2.570307747479098903e-02
