0.000000000000000000e+00
7.870241715835926133e-01
9.154671155062533705e-01
7.172434755396219774e-01
5.259024411100547969e-01
3.469873305432807364e-01
2.124383890414538179e-01
1.168623777130704255e-01
6.499493873029776880e-02
4.551622711207898436e-02
4.336909507323004342e-02
4.323768243871907446e-02
4.541853492630497369e-02
5.024161937867081817e-02
5.758410416868826875e-02
6.720769991854498582e-02
7.594141067471746331e-02
8.171052950415202965e-02
8.174115272446635938e-02
7.882770569059620314e-02
