0.000000000000000000e+00
7.848951902873022579e-01
7.882443011707478409e-01
4.485164768228691590e-01
2.117369516703611620e-01
7.393421958109459846e-02
1.922933230964849957e-02
1.011324060939499010e-02
1.876958895784654191e-02
2.420553370692680312e-02
2.461829494104748883e-02
2.192537737930079847e-02
2.019110738730655816e-02
1.934194708409663066e-02
2.007377887952458209e-02
2.475362935740241591e-02
3.029142071038921219e-02
3.418208523336975502e-02
3.609333943415880125e-02
3.844217125662681422e-02
