0.000000000000000000e+00
7.857859481757957232e-01
8.790702323945011054e-01
6.326765060721615264e-01
4.126985412763289895e-01
2.278780016206618797e-01
1.051640718512450862e-01
3.811758801380467354e-02
2.621240804804422786e-02
3.908230235195996743e-02
4.437144364443100508e-02
4.024975999921479725e-02
3.318355909618601191e-02
2.725516219493282280e-02
2.663722285672378426e-02
3.101558045301646555e-02
3.817552259843887824e-02
4.696879625313338941e-02
5.369252571978760241e-02
6.059629380647116315e-02
