0.000000000000000000e+00
8.332034603474007817e-01
6.512534081891461213e-01
1.988658250381922232e-01
4.329023623936571752e-02
2.287274756374789095e-02
2.566997358128871032e-02
2.864290124023204445e-02
2.802331733819075910e-02
2.779179475906892044e-02
3.028692813694220179e-02
2.850512228169679169e-02
2.574062020016254157e-02
2.575900045648493383e-02
2.576018063368631580e-02
2.459321124820235127e-02
2.399015306757663196e-02
2.469442440724038679e-02
2.468321224897712662e-02
2.352195739645528139e-02
