0.000000000000000000e+00
7.425034110964773282e-01
8.520164020057641174e-01
6.482390055663981299e-01
4.577243103494118559e-01
2.868553170763003535e-01
1.632699690619755228e-01
7.781523600618894809e-02
3.201652805824809628e-02
2.643458054795877130e-02
3.352356362832507181e-02
4.025352657004336449e-02
4.315527413704266929e-02
4.413311639495014899e-02
4.383048328820729478e-02
4.445116753295099560e-02
4.661691714667374337e-02
5.131738764094320726e-02
5.453868191722471837e-02
5.765199866931042250e-02
