0.000000000000000000e+00
7.563535479317523569e-01
8.402941051862444777e-01
5.985434445707136231e-01
3.873542632267467090e-01
2.159560148999103424e-01
1.078565543326789333e-01
4.993235002640060427e-02
3.266621852013609772e-02
3.426828140791125799e-02
3.561445369134669248e-02
3.678767188659649162e-02
3.788280262484632760e-02
3.874713134962066291e-02
4.069845732765007412e-02
4.464986097771501267e-02
4.840417509437584115e-02
5.163360567805957285e-02
5.235180297796292181e-02
5.142895277868265308e-02
