0.000000000000000000e+00
7.755604990359168394e-01
7.198746412050267551e-01
3.416878711224545784e-01
1.201937653624610969e-01
3.208629845909517775e-02
2.120556852302659528e-02
2.145930009736363511e-02
2.229526872643464858e-02
2.270147383172140682e-02
2.269005273944003920e-02
2.348729550012546713e-02
2.380534444270106589e-02
2.320736175842847554e-02
2.437493532119077572e-02
2.805595377667810530e-02
3.093479498866717400e-02
3.176639345441853446e-02
2.983073734854594858e-02
2.858184164401920274e-02
