0.000000000000000000e+00
7.732123024384114363e-01
9.147205023075705155e-01
7.385154324999556597e-01
5.612837090187172695e-01
3.855503615466694955e-01
2.421980369124516197e-01
1.312842156038665498e-01
5.479696218395072732e-02
2.367138536566524426e-02
3.003599080521413348e-02
4.311755385562862641e-02
4.870400050680351312e-02
5.029824446627175621e-02
5.201179226069199690e-02
5.710394935873520927e-02
6.427909388532586366e-02
7.239006578097281763e-02
7.857531498304141937e-02
8.405090536935305723e-02
