0.000000000000000000e+00
8.647075098262384518e-01
5.897588416958650104e-01
1.287690722643835550e-01
2.699477314614309384e-02
2.379107910631445000e-02
1.962756282079296255e-02
1.753200413231455548e-02
2.039063989736533342e-02
2.299696181894301389e-02
2.106709484609783911e-02
1.963276671934143652e-02
2.032819606276749236e-02
2.018863682263454321e-02
2.111812083073799293e-02
2.354124953783442997e-02
2.571330883855225263e-02
2.428789854888788874e-02
2.156929178470998881e-02
2.006815320950666379e-02
