0.000000000000000000e+00
7.626168986634578317e-01
7.433284047919128668e-01
4.012150882097550442e-01
1.818437650358242785e-01
6.379084913546158309e-02
2.138559741200856540e-02
1.673417554328080273e-02
2.130262260424504658e-02
2.434300427419453655e-02
2.599241782884357047e-02
2.510095361813878545e-02
2.269262867764544264e-02
2.103543357691827625e-02
2.039469782740646261e-02
2.201126431863387536e-02
2.360733002449926649e-02
2.573184260474938728e-02
2.773597887687607663e-02
2.975305107948931355e-02
