0.000000000000000000e+00
8.132646375388085103e-01
7.410013239652057937e-01
3.298988584084204256e-01
9.872078277423575188e-02
2.228285945378866845e-02
2.045870075037346802e-02
2.243337020033941628e-02
2.330725958666034561e-02
2.567577119281454212e-02
3.031252387994522179e-02
3.316001675120952563e-02
3.299560989350385637e-02
2.960152515000376294e-02
2.771143971417631274e-02
3.471351313996728222e-02
4.429432725270621152e-02
4.575676019886223966e-02
4.020886282691416708e-02
3.637078840674652647e-02
