0.000000000000000000e+00
9.193080986518441522e-01
5.750822596663343056e-01
1.103382997723413445e-01
3.199475322878147371e-02
2.762083810173987866e-02
1.943976975642494956e-02
2.411317415631997543e-02
3.420741834543582910e-02
3.432706126641568017e-02
3.114040801380100684e-02
2.754666397112604664e-02
2.578146711952759157e-02
2.318929894846860629e-02
2.318131885591773189e-02
2.290101901595105113e-02
2.052985687401454734e-02
2.415618940270009007e-02
3.080757642567389862e-02
3.239432505265467388e-02
