0.000000000000000000e+00
8.008228683456095620e-01
8.013165568822427920e-01
4.513600903186463786e-01
2.087815432916992620e-01
7.386901947161175763e-02
3.792781377509146790e-02
3.731185164692822631e-02
3.639784351708951621e-02
3.560277869892148478e-02
3.560543750901502824e-02
3.760485563418019400e-02
3.786041695162475906e-02
3.756912106113726585e-02
3.542781046183597626e-02
3.484365203545768119e-02
3.470638715340711167e-02
3.536016400923373826e-02
3.501198799666417616e-02
3.356719174474332573e-02
