0.000000000000000000e+00
8.694591942487145397e-01
5.874139139156059342e-01
1.257759286866846349e-01
2.684409236966450729e-02
2.395419443801453940e-02
1.969920594102852335e-02
1.759026736693844462e-02
2.054879774026498185e-02
2.325931374468528587e-02
2.121983608912008518e-02
1.966433042393307337e-02
2.041055064348718320e-02
2.031878115940502147e-02
2.118553985793374811e-02
2.354174453533039099e-02
2.571292374175813966e-02
2.424308943692422835e-02
2.153870688347690743e-02
2.004048125847027531e-02
