0.000000000000000000e+00
7.423791165468635045e-01
8.569014704181763253e-01
6.599704944641177073e-01
4.735615479601462674e-01
3.033863182682990378e-01
1.775489173954508115e-01
8.851143285297108365e-02
3.595863861808444584e-02
2.683534259710774680e-02
3.350142501565864239e-02
4.100551028650122054e-02
4.469869737223768763e-02
4.620407235987239458e-02
4.618556055104817287e-02
4.680599486264394593e-02
4.894720289727137741e-02
5.369074906280964232e-02
5.696174854272666871e-02
6.003103557802410423e-02
