0.000000000000000000e+00
7.726083121817632904e-01
8.619615050316474791e-01
6.166908396743874254e-01
3.988314213732619407e-01
2.190159348251120019e-01
1.036415582888056686e-01
3.715152570700829687e-02
1.692228908187134312e-02
2.362513619933771097e-02
2.760815395582852383e-02
2.697750608878798223e-02
2.574100012218053304e-02
2.662377718965258308e-02
3.054461097016249529e-02
3.724875403486446745e-02
4.433110384291509554e-02
5.032404145775708909e-02
5.382583256863589932e-02
5.628138375819773109e-02
