0.000000000000000000e+00
7.439446769286336414e-01
8.307113307132807378e-01
5.973435668279085675e-01
3.918075745223488227e-01
2.220647733288778347e-01
1.110511075369236544e-01
4.305957604255912508e-02
2.332861810327184135e-02
2.723084035708356332e-02
3.280348674731057429e-02
3.641203435933645233e-02
3.703733056631028364e-02
3.661156987294028609e-02
3.551731571134487259e-02
3.648570755324352655e-02
3.869533764872552101e-02
4.302712151154373249e-02
4.596807368458951520e-02
4.907146888735529344e-02
