0.000000000000000000e+00
7.558957273697270995e-01
7.675172446562830153e-01
4.522784918373485841e-01
2.295036357101897240e-01
9.261099515579131192e-02
3.134674096717005032e-02
1.780626270950362230e-02
2.175633540371410199e-02
2.544884291570040369e-02
2.758153163372937741e-02
2.727024293993658005e-02
2.525083238605115368e-02
2.372813152198711972e-02
2.292602495994121303e-02
2.451045191439976678e-02
2.628747374889760582e-02
2.879155382954800071e-02
3.096730719549284361e-02
3.339821701391432196e-02
