0.000000000000000000e+00
7.910378780461078119e-01
8.955915329681074510e-01
6.610779273221966124e-01
4.454218058191312668e-01
2.595534714068660764e-01
1.352074588485344397e-01
6.362235609191142782e-02
3.893859364514671434e-02
3.729866453185797653e-02
4.015004166708154715e-02
4.097847049633929206e-02
4.142714156731864411e-02
4.396708766267772711e-02
4.944259136350413752e-02
5.838276977134729262e-02
6.682369744761987307e-02
7.248590968872216378e-02
7.196084261063401266e-02
6.811558929399880169e-02
