0.000000000000000000e+00
7.745406191091296355e-01
8.509173377582357478e-01
5.890494096250036282e-01
3.641951713769339682e-01
1.875502261644137747e-01
8.119439689067844967e-02
2.573499808300836605e-02
1.652253864257973576e-02
2.481875852208617617e-02
2.739709349660315874e-02
2.588833887934451766e-02
2.404583574912505170e-02
2.438007712829621393e-02
2.782910768495361689e-02
3.432665049698659793e-02
4.111534666196840770e-02
4.679821234380755063e-02
5.001590772394422929e-02
5.247199280356926177e-02
