0.000000000000000000e+00
8.048755693046659720e-01
8.058259184657119434e-01
4.611372670723445921e-01
2.268070036216741914e-01
8.926611975972723045e-02
3.123294412003720100e-02
2.154308110184446901e-02
3.310909142938754657e-02
4.145598679478687543e-02
3.927623645916334533e-02
2.982931137653060949e-02
2.238922315647214403e-02
1.936842480243984935e-02
1.832392110390407627e-02
1.827562296868162281e-02
2.281996820160498915e-02
3.005133722125236800e-02
3.774581223943816038e-02
4.445701770548138310e-02
