0.000000000000000000e+00
8.199856031733724349e-01
6.964003767202736617e-01
2.643666814609593185e-01
6.983024867657780521e-02
2.541228032140944657e-02
2.795888473398477556e-02
3.026633296361036507e-02
2.928525015775898174e-02
2.928030290881241532e-02
3.091030579312294829e-02
3.021660027714325250e-02
2.846301949569701034e-02
2.770531515866308039e-02
2.675246178022137530e-02
2.615170650499371724e-02
2.573370213635697151e-02
2.652641400158036247e-02
2.641865244594108000e-02
2.509842322254694780e-02
