0.000000000000000000e+00
8.649094588732146871e-01
5.963671086101732799e-01
1.384044281727621895e-01
2.534616324892225922e-02
1.637156005928150013e-02
1.363127608835874513e-02
1.660812258359639637e-02
2.181324769454708046e-02
2.290794031605544387e-02
2.259966754611445611e-02
2.104548299338152365e-02
1.813652501113812224e-02
1.477496697741337989e-02
1.498597975537293951e-02
1.670322501516958644e-02
1.689204171502413365e-02
1.805329421267642953e-02
2.058268196983267795e-02
2.116303446714116326e-02
