0.000000000000000000e+00
1.316937718225213549e+00
5.582520089076956626e-01
2.562462067469138682e-02
2.699663656743626558e-02
2.994901481954435202e-02
2.996934305969069581e-02
3.241012370429944417e-02
4.003072782530986418e-02
4.941400635708549649e-02
4.160745511621728732e-02
4.509726327646072092e-02
4.825593806448557482e-02
4.305938008298366981e-02
4.036316111752847463e-02
4.278470166918315470e-02
4.582957212349964699e-02
4.509104148030737558e-02
4.114164087467023223e-02
4.003896374584871298e-02
