0.000000000000000000e+00
8.121939078922157940e-01
7.317635740408170442e-01
3.217223381865607079e-01
1.010726188761214700e-01
3.112338936617123700e-02
3.026045658689005893e-02
3.216146058836723970e-02
3.120536166443012294e-02
3.111073574503853828e-02
3.180203540105033116e-02
3.214844205832213808e-02
3.101765748078057217e-02
3.012992251697680854e-02
2.833602582120940336e-02
2.790105607690070502e-02
2.781287676782227131e-02
2.872624450835812790e-02
2.843484660931216643e-02
2.701867286407593632e-02
