0.000000000000000000e+00
7.823648841983336100e-01
8.891775744394656567e-01
6.609861516346881016e-01
4.497416371363174292e-01
2.634102543619324388e-01
1.318838561282117960e-01
5.035793625272912827e-02
2.417140980858539095e-02
3.509612415372617700e-02
4.362909726132112309e-02
4.231610697580703156e-02
3.704972941952137944e-02
3.176137665124222076e-02
3.116764025119874923e-02
3.570621179252388144e-02
4.297209968925812945e-02
5.180864088474004814e-02
5.849902830644335833e-02
6.490680026832984506e-02
