0.000000000000000000e+00
7.781975026946158502e-01
8.291736155198179414e-01
5.372799428762852214e-01
3.034506982684359588e-01
1.373073557417467672e-01
4.953923807597365725e-02
1.540589858521208486e-02
1.805738754314287903e-02
2.551670506465523319e-02
2.655613711100191301e-02
2.404685895437059032e-02
2.162345865235642400e-02
2.126840841051317113e-02
2.386875085228259627e-02
2.997966406338253842e-02
3.626749845637750047e-02
4.128613969187659022e-02
4.402611002278787600e-02
4.646985808612218161e-02
