0.000000000000000000e+00
7.775801695636264110e-01
8.328903060008537862e-01
5.458925235378120355e-01
3.131850034788996595e-01
1.449278799427078934e-01
5.393101572032684560e-02
1.635086306655586519e-02
1.781090255582839718e-02
2.551244113359045149e-02
2.672311005669875464e-02
2.432408232649888383e-02
2.195588617615495258e-02
2.164627059286357291e-02
2.444878953940884600e-02
3.062029659161166761e-02
3.698718634793241727e-02
4.212086137123116636e-02
4.493119775136579508e-02
4.738523110562889440e-02
