0.000000000000000000e+00
8.552507506868385345e-01
6.352663614081334176e-01
1.842542160990960631e-01
4.605490196372936246e-02
2.784691926084880906e-02
2.869651793297559386e-02
2.115954271113126492e-02
1.813500435636706057e-02
2.187730782660583795e-02
3.005019779077141781e-02
3.102166486687297012e-02
2.816154735868487899e-02
2.527285159606902643e-02
2.072664521450965150e-02
1.920456918314825470e-02
2.064599225097067670e-02
2.364442064439461338e-02
2.508211435686789892e-02
2.858234834942957603e-02
