0.000000000000000000e+00
8.405755574726185841e-01
6.359198721730869863e-01
1.776537520306467888e-01
3.621523382297439642e-02
2.739502934343435170e-02
2.477905307818904085e-02
2.194711709507031483e-02
2.323994483596985433e-02
2.538480263558136676e-02
2.938835340121374873e-02
3.200298861828210911e-02
3.343764371647044847e-02
3.082344902991653035e-02
2.654017833689096065e-02
3.127896252788221060e-02
4.039386853585608811e-02
4.067476643825861105e-02
3.275803765468202761e-02
2.943334553339555654e-02
