0.000000000000000000e+00
7.732595124189278746e-01
7.110086863938116508e-01
3.376169278904219140e-01
1.297035521229556454e-01
3.892737869248106414e-02
1.530985583764999346e-02
1.591339990170801896e-02
2.068479731947748396e-02
2.314169376924193194e-02
2.421637740158914115e-02
2.289807340970304375e-02
2.029856563999560964e-02
1.858124541722169787e-02
1.789998825072836378e-02
1.954210171447832642e-02
2.098398081711503466e-02
2.284929579593405341e-02
2.467830454448973615e-02
2.625552555509102701e-02
