0.000000000000000000e+00
7.953710269266127675e-01
8.660324437000974651e-01
5.859019864040545533e-01
3.479314244149675495e-01
1.668905773799846948e-01
6.691110603886410435e-02
3.055853354624347290e-02
3.038808201243477572e-02
3.538878103927681207e-02
3.765615408211888532e-02
3.806201030004800756e-02
3.737332557252837084e-02
3.773789618948240887e-02
4.160296285060838262e-02
4.990367995050924016e-02
5.841143323427789441e-02
6.367366224354614745e-02
6.221416901642552733e-02
5.804756326873539846e-02
