0.000000000000000000e+00
8.227829453015710337e-01
6.954277439642289060e-01
2.571119512537546337e-01
6.239749402589906541e-02
2.321810183468872232e-02
2.312124512876252355e-02
2.202987063036834087e-02
2.260586116493653111e-02
2.480974150119903687e-02
2.950817191969952458e-02
3.268337833851669982e-02
3.308265536650296934e-02
2.974885775663647230e-02
2.661058589239189559e-02
3.270173128823797987e-02
4.236508628463502013e-02
4.313669717321456237e-02
3.629100457075728342e-02
3.265341566523694006e-02
