0.000000000000000000e+00
7.904679884026470926e-01
8.733914096763339963e-01
6.135737895966204558e-01
3.882604295741337586e-01
2.097380046316459357e-01
1.023172158080730004e-01
5.095305273813251906e-02
4.092151747558888525e-02
4.276725973010319509e-02
4.566836704731351559e-02
4.916639110758088543e-02
5.134451420223103829e-02
5.221253821645967241e-02
5.157489772550152146e-02
5.083415649066574254e-02
4.961828926915821253e-02
4.934582134601279979e-02
4.899842501442314147e-02
4.821295817176688564e-02
