0.000000000000000000e+00
7.904672986585732364e-01
8.987749689353803362e-01
6.697220954390515901e-01
4.573607695028659159e-01
2.719038934204113245e-01
1.454810214933245083e-01
6.954385698291590256e-02
4.136653300927786714e-02
3.786030052480366531e-02
4.039058036186850970e-02
4.129753956911261931e-02
4.198727129007247955e-02
4.483345428394173993e-02
5.052720952262418352e-02
5.955857231145609415e-02
6.802263504369354674e-02
7.368899549343546629e-02
7.325942212697725275e-02
6.951289642044036765e-02
