0.000000000000000000e+00
7.657668257995712269e-01
8.974821694128546357e-01
7.128657383105551082e-01
5.317529097095033963e-01
3.580733649721111744e-01
2.223796106973395525e-01
1.217904193661768081e-01
5.605946309723606330e-02
2.424117907141496234e-02
2.403525318618135106e-02
2.962254556825641774e-02
3.462604860859899714e-02
4.032935649480858670e-02
4.691667527371180119e-02
5.438304653341043821e-02
6.175320614294485533e-02
6.840927274107383438e-02
7.261418921027916473e-02
7.533164903668515544e-02
