0.000000000000000000e+00
7.959171833887173086e-01
8.360061385536123879e-01
5.253864067040202590e-01
2.846304237507987223e-01
1.234737837511985931e-01
5.533259965887574877e-02
4.024947274009636755e-02
3.882797219372380315e-02
3.883888357230770583e-02
3.947108360925325604e-02
4.175046943486060425e-02
4.294532173082951654e-02
4.308183818179293217e-02
4.170240427356931151e-02
4.079434872496171677e-02
4.018459572932378543e-02
4.052319499751252940e-02
4.010715622541771719e-02
3.910248408732226733e-02
