0.000000000000000000e+00
7.722947506293664777e-01
9.174763748967923460e-01
7.472330716402557638e-01
5.747041848269535125e-01
4.016435503001545837e-01
2.582938356722200290e-01
1.454058036866280879e-01
6.510608082033997324e-02
2.552440190827393041e-02
2.758117542757134583e-02
4.195316418387868423e-02
4.969504682209145707e-02
5.286001498254244008e-02
5.532428984394843763e-02
6.069489099153885237e-02
6.780566288666338426e-02
7.572834895809313349e-02
8.175638612931518390e-02
8.704493322150025358e-02
