0.000000000000000000e+00
7.873281509798557565e-01
9.141297544531717945e-01
7.132935020038629892e-01
5.200175694633528689e-01
3.402706066776383098e-01
2.061583127547642891e-01
1.118057620261859592e-01
6.217810537170437996e-02
4.443151008222535892e-02
4.302285419559371410e-02
4.308544576250468439e-02
4.510610077175089550e-02
4.974528782005350341e-02
5.689810406481125848e-02
6.647886630059449131e-02
7.517525972826129277e-02
8.093857948201631236e-02
8.090395057071833596e-02
7.784614655872508504e-02
