0.000000000000000000e+00
7.759102007822173963e-01
7.184989214471073637e-01
3.391289001416752935e-01
1.181597227141749362e-01
3.131015797866740225e-02
2.109583303900055065e-02
2.137104383725413337e-02
2.218406596251028262e-02
2.258041565747280488e-02
2.259100159567043950e-02
2.339975693139491678e-02
2.370963787941338802e-02
2.310542800711293254e-02
2.428423786916923330e-02
2.797563133253063924e-02
3.084307395570445864e-02
3.164399292045261269e-02
2.967939154978038729e-02
2.842643830116864737e-02
