0.000000000000000000e+00
7.545661952897250169e-01
7.728366764868894734e-01
4.638834988237915957e-01
2.410401084123778570e-01
1.002682261134124758e-01
3.459488835852871091e-02
1.831060840044211602e-02
2.182202415966378109e-02
2.570885199804995302e-02
2.796286700798406022e-02
2.782537475056897497e-02
2.594404540122387942e-02
2.444442220565948981e-02
2.357903809310024634e-02
2.515459619803478430e-02
2.698593239008620359e-02
2.960976504317038710e-02
3.181294862292516346e-02
3.434115518731513383e-02
