0.000000000000000000e+00
8.496020617316401013e-01
6.420325405448412681e-01
1.977266385485764721e-01
5.584010727034234567e-02
2.671712287090222473e-02
1.653156734657116114e-02
1.994477915668856072e-02
3.048978791150008805e-02
3.380138155212923656e-02
3.053026996925356507e-02
2.454857165090266677e-02
2.166033768065035378e-02
2.059985144080562353e-02
2.066749087098371587e-02
1.935015432495941143e-02
1.748786169710134231e-02
2.189631725803988654e-02
2.905721375425848740e-02
3.211465211994600499e-02
