0.000000000000000000e+00
7.968840418721814256e-01
8.542448891550077361e-01
5.578575091202755409e-01
3.143370506143910448e-01
1.383948356700062943e-01
5.173869698505408066e-02
2.654348929296989137e-02
2.953459371924061286e-02
3.441947418235186823e-02
3.657243154363971210e-02
3.703420070089809280e-02
3.612816280485179471e-02
3.587708350429125170e-02
3.924157873965700843e-02
4.736641253420142278e-02
5.586927695057044424e-02
6.090480292619268599e-02
5.903080600065171990e-02
5.494639437344653321e-02
