0.000000000000000000e+00
7.675590187834172573e-01
8.881544417925220092e-01
6.866345139061610370e-01
4.935811938721350045e-01
3.152615246230822676e-01
1.827980063867016836e-01
9.009980264222586244e-02
3.633795766362902385e-02
1.939499589546230321e-02
2.537978349273576836e-02
2.939068441200041321e-02
3.188196367050231961e-02
3.542134214298895550e-02
4.099306917084535873e-02
4.817589922683575970e-02
5.559013954173235017e-02
6.217414387248228202e-02
6.629576458629714286e-02
6.897442764183635278e-02
