0.000000000000000000e+00
7.595248189911280035e-01
7.539755637290239676e-01
4.233341035377781170e-01
2.018573412998931338e-01
7.532152206033543296e-02
2.502421231152057030e-02
1.711875971864258023e-02
2.149796909500497830e-02
2.479197980801172568e-02
2.666553657876559111e-02
2.598933522141280011e-02
2.365631256601198606e-02
2.206927424071068733e-02
2.142361145655647531e-02
2.303223924606004683e-02
2.469365619945658105e-02
2.694779205568625935e-02
2.904095154184304847e-02
3.122255459406148015e-02
