0.000000000000000000e+00
1.696897364897242300e+00
6.601312543274793221e-01
9.583894137490643617e-02
1.217750649863379997e-01
1.174576365367833858e-01
1.039372408606352716e-01
1.149666368578954601e-01
1.093515755677557100e-01
1.107692886966228640e-01
9.777044269802544207e-02
1.157018788018596284e-01
1.056947493025537227e-01
9.226285431347085175e-02
8.984335865294099110e-02
1.030838793207842358e-01
1.001759581493312373e-01
1.023257743939521985e-01
1.184816898379930650e-01
1.178223367714552466e-01
