0.000000000000000000e+00
8.089748672722438805e-01
6.680809508643419381e-01
2.425389750215738160e-01
6.047610745864826637e-02
1.334623195169742753e-02
9.169068282899222114e-03
1.150607889277687271e-02
1.668262398467654228e-02
2.069076314195341867e-02
2.071058104980376402e-02
2.039903427553390811e-02
2.010247414867340904e-02
1.844079053030127022e-02
1.760417063306093238e-02
1.919786758955829148e-02
2.317446828210921461e-02
2.432767515012539822e-02
2.411576106830102401e-02
2.633220187921724714e-02
