0.000000000000000000e+00
7.664562956639433544e-01
8.938080169846440715e-01
7.024768602559151587e-01
5.164713932228596205e-01
3.406716657499668233e-01
2.060003214833644458e-01
1.084071235711303038e-01
4.729493936971000678e-02
2.152055682111976911e-02
2.450613905665991257e-02
2.961299966002079592e-02
3.353279046805687780e-02
3.827400168447873952e-02
4.442044488924430656e-02
5.172812312781331634e-02
5.909793367822406551e-02
6.576103035322033996e-02
6.997134758357786977e-02
7.267723165996035906e-02
