0.000000000000000000e+00
7.426223557261314445e-01
8.490405904267073200e-01
6.410879733995308305e-01
4.481806761348389179e-01
2.770639781262204671e-01
1.549825477143297048e-01
7.175118742291276830e-02
3.001816176138696890e-02
2.644960480558718532e-02
3.356700543626750521e-02
3.975289589703309007e-02
4.222834740215097166e-02
4.293995065897775881e-02
4.247956752451322038e-02
4.312327720568848860e-02
4.530266751977646278e-02
4.998029146244425264e-02
5.315144319776420045e-02
5.628230596982100598e-02
