0.000000000000000000e+00
8.183979418192347532e-01
6.382513375898025698e-01
2.015476998495905614e-01
4.223152727222272140e-02
1.195352853860926629e-02
9.861547854343342620e-03
1.190787215469887514e-02
1.655133525334242031e-02
2.046357808215243032e-02
2.027863252895932555e-02
2.049769351002814557e-02
2.050341317022526255e-02
1.882108213312169015e-02
1.757306858979277089e-02
1.898328582524575273e-02
2.261882174259720324e-02
2.326534772356383257e-02
2.286636826022621707e-02
2.468186592814990143e-02
