0.000000000000000000e+00
7.851130957097695040e-01
9.235890361628147360e-01
7.417056108629486166e-01
5.630717168488731383e-01
3.905246884695736109e-01
2.544176707482963540e-01
1.519090987234401058e-01
8.607935012700854149e-02
5.426209653881589740e-02
4.651088956862688834e-02
4.489886824667777693e-02
4.734971422534690888e-02
5.360645158790394021e-02
6.244061177702654730e-02
7.244184290600820531e-02
8.126355259553473542e-02
8.701599183126336456e-02
8.750247430517545111e-02
8.582258088268761298e-02
