0.000000000000000000e+00
7.896984295237725604e-01
7.596011061244257734e-01
3.925268018478956789e-01
1.619417757156128568e-01
4.626649084619131880e-02
1.176226913583773744e-02
1.056848290968469620e-02
1.795241676689309993e-02
2.303739518046998488e-02
2.343140052674744234e-02
2.129411869106503929e-02
1.996374209913330186e-02
1.882899122090250441e-02
1.893405719110238111e-02
2.237525906824219118e-02
2.746760591033996918e-02
3.068651779448149444e-02
3.203048095237004400e-02
3.444165482218393415e-02
