0.000000000000000000e+00
7.949759859352797386e-01
8.426625046659694807e-01
5.403883116664931485e-01
3.012215839468171952e-01
1.361308227962161888e-01
6.083635177188316534e-02
4.095366189185090794e-02
3.927491622610010391e-02
3.949424517136682078e-02
4.039754443749535295e-02
4.276268943417418922e-02
4.411690014558929812e-02
4.435215827341477263e-02
4.315355485994416124e-02
4.219854624764095979e-02
4.149757065630858832e-02
4.179085247580792417e-02
4.136013640109810485e-02
4.042786971955254771e-02
