0.000000000000000000e+00
7.895970711557152022e-01
9.033618641881122624e-01
6.824046383002696503e-01
4.751696479852174360e-01
2.907345491585265340e-01
1.615702171314977731e-01
7.945414037456977052e-02
4.573908969596941765e-02
3.916559839101341894e-02
4.097856942887349169e-02
4.179627691116585830e-02
4.284584190955754296e-02
4.616138119733395606e-02
5.219070588004683792e-02
6.138176190405359584e-02
6.987761234551416456e-02
7.554792690271418254e-02
7.526046662144098010e-02
7.167488506506662638e-02
