0.000000000000000000e+00
7.728395937766330270e-01
9.158336101404570551e-01
7.420286545552732260e-01
5.666710378770576373e-01
3.919766437163452188e-01
2.485866423621725940e-01
1.368514475776881623e-01
5.875528650641827916e-02
2.424387400181579957e-02
2.906576195064103016e-02
4.269979009630010813e-02
4.912358709004940871e-02
5.132392345218656643e-02
5.332153618389872535e-02
5.851794571013103907e-02
6.566845044286247213e-02
7.370618225262362544e-02
7.983155147210319047e-02
8.523526706389561447e-02
