0.000000000000000000e+00
7.975440288215293050e-01
8.490430049634042353e-01
5.457704036829844618e-01
3.003094418115536679e-01
1.270256635802989031e-01
4.633718433780784074e-02
2.557086087792823786e-02
2.932866994846362874e-02
3.392727624026837391e-02
3.608081499844620343e-02
3.663765778579221311e-02
3.564330003215789716e-02
3.512322695501282621e-02
3.828956730569363365e-02
4.635138911380313337e-02
5.484442836274919936e-02
5.977349148320307282e-02
5.771186073123680399e-02
5.366734564328994733e-02
