0.000000000000000000e+00
7.541653026679444594e-01
8.583036460315562888e-01
6.438894745231406036e-01
4.472253400208430207e-01
2.755223830187852885e-01
1.560724062166966297e-01
7.677924010583302150e-02
3.974549927179437531e-02
3.415164340336896559e-02
3.644157413309648263e-02
3.967574913658422631e-02
4.205549590868817855e-02
4.382601214252266481e-02
4.612855884706449500e-02
4.983774957353488688e-02
5.392850777298078407e-02
5.752809248087142890e-02
5.879246077567194112e-02
5.813408969447766972e-02
