0.000000000000000000e+00
7.749654913977646054e-01
9.095932567266683533e-01
7.224633980385563037e-01
5.370239895327022506e-01
3.571733721960876906e-01
2.146151295015613081e-01
1.078459280760376005e-01
4.090513188295460262e-02
2.393210800567779906e-02
3.444073473784897005e-02
4.424947410568755291e-02
4.649190338753185492e-02
4.572976122808023597e-02
4.649465761483976417e-02
5.132365813694340917e-02
5.854986815465437755e-02
6.690219319448767465e-02
7.330637830010165723e-02
7.904449741608243762e-02
