0.000000000000000000e+00
7.546129010025345307e-01
8.547386699246577457e-01
6.347050594389250788e-01
4.347703986370006213e-01
2.626946919829735161e-01
1.452681121008610743e-01
6.946473305337333426e-02
3.682794849887956190e-02
3.406216698276936378e-02
3.646497924819558367e-02
3.915510206233828450e-02
4.116277956137451982e-02
4.266914068163234208e-02
4.486286776001746635e-02
4.864775482802784212e-02
5.268899770109800734e-02
5.622156970111776009e-02
5.734314287494952228e-02
5.661165392913428129e-02
