0.000000000000000000e+00
8.508023085069772451e-01
6.133416200976038457e-01
1.521122465196858564e-01
3.150814881425453157e-02
2.888245534979111406e-02
2.530965490928436049e-02
2.207700126649403752e-02
2.390323550614715034e-02
2.608716161570630646e-02
2.948072707598640638e-02
3.189830694099441560e-02
3.381784695177585121e-02
3.137529770271588192e-02
2.679762157978400963e-02
3.101317686826210798e-02
3.983524639188858879e-02
3.997971124207907317e-02
3.189930791309240204e-02
2.866429572777840634e-02
