0.000000000000000000e+00
7.744492121477395408e-01
8.514491776894067554e-01
5.903586500831625727e-01
3.658009582809153004e-01
1.889643341614377914e-01
8.216231582075106399e-02
2.619305672561082418e-02
1.651687528090284643e-02
2.477260910438649696e-02
2.741232061336924125e-02
2.593882801369091357e-02
2.412023615492188758e-02
2.447718665627425169e-02
2.794632874167506456e-02
3.445411623188986139e-02
4.125626458307958544e-02
4.695468749128360597e-02
5.018639011872767092e-02
5.264107333616355883e-02
