0.000000000000000000e+00
8.342787587544642225e-01
6.040149659398555970e-01
1.578896584332569464e-01
2.790416435152074173e-02
1.253235278242244462e-02
1.067203174057267806e-02
1.255480740587405948e-02
1.680738913394787606e-02
2.046807003550597803e-02
2.024420898400597704e-02
2.081430496706881961e-02
2.120232257585269106e-02
1.948009364524588144e-02
1.769884156450274651e-02
1.904951758167044637e-02
2.225743614270308396e-02
2.263418458226396091e-02
2.184525626372399096e-02
2.319838874754762137e-02
