0.000000000000000000e+00
7.560972015982967420e-01
7.667293494952188704e-01
4.505707391135402307e-01
2.278278133430687302e-01
9.152012016921516613e-02
3.091581330961159016e-02
1.775166992050506223e-02
2.174385142027579834e-02
2.540958716334949796e-02
2.752603990479363452e-02
2.719060431270714853e-02
2.515140937192997597e-02
2.362512510031478108e-02
2.283242755082125208e-02
2.441833463950568092e-02
2.618751281552594845e-02
2.867433795462906096e-02
3.084614675479223703e-02
3.326257522875696732e-02
