0.000000000000000000e+00
7.565094310002098421e-01
7.651316026749602761e-01
4.471164343180537570e-01
2.244551184606750072e-01
8.934123001258349739e-02
3.006137557593934959e-02
1.764126478201182013e-02
2.171651765202530296e-02
2.532951140218264036e-02
2.741438179380551940e-02
2.703121748575446417e-02
2.495234480074230363e-02
2.341852572896259768e-02
2.264492282229681186e-02
2.423397159009806415e-02
2.598745447574752482e-02
2.843975630992074538e-02
3.060369149266609426e-02
3.299066378199247418e-02
