0.000000000000000000e+00
7.727602109799368568e-01
7.123979809992391221e-01
3.402425740782571428e-01
1.316950462350010287e-01
3.971705486539461177e-02
1.546005230747700063e-02
1.593509745478695339e-02
2.070302942772244206e-02
2.318064429739291263e-02
2.428033535435976387e-02
2.298075353252546776e-02
2.038746059034095628e-02
1.867103842827283477e-02
1.799241380145167116e-02
1.963136687063291724e-02
2.107969166998571037e-02
2.295388903977946607e-02
2.478706386998040523e-02
2.637305892741649560e-02
