0.000000000000000000e+00
7.475426418709663068e-01
8.059939551081831688e-01
5.389485234116009327e-01
3.218083310187667689e-01
1.607066891704764799e-01
6.795935420839381569e-02
2.602450314190215414e-02
2.177566158721958717e-02
2.718984445690832835e-02
3.072565252549717268e-02
3.208947432613159373e-02
3.137697462327590503e-02
3.022512842082585027e-02
2.905361838895662366e-02
3.040094836008503873e-02
3.249821570783843760e-02
3.607011507676362305e-02
3.863693393976419532e-02
4.158348812180784337e-02
