0.000000000000000000e+00
7.431045749509572751e-01
8.403308302969495491e-01
6.202671048945079812e-01
4.209272294185951169e-01
2.498689588353363300e-01
1.326938998728258157e-01
5.635217904135914058e-02
2.607575182594710009e-02
2.689055283854526954e-02
3.341832183202229911e-02
3.820833228976952545e-02
3.966124211257120169e-02
3.973808815522331811e-02
3.888434780784664341e-02
3.965448641888125181e-02
4.186466508858120716e-02
4.641095117115138363e-02
4.942942592796654988e-02
5.261938332574443017e-02
