0.000000000000000000e+00
1.756039737617274277e-01
1.625177092292589831e-01
1.410692741902939695e-01
1.624958578922546526e-01
1.686020813668679674e-01
1.704165843720799600e-01
1.447764144272274955e-01
1.676851308841579569e-01
1.489606058665040311e-01
1.548218601826067686e-01
1.829594332070134943e-01
1.913679643195248248e-01
1.575908366557142726e-01
1.671235968897415713e-01
1.705822470550703573e-01
1.636960814165991651e-01
1.658845244967034060e-01
1.609166013604033663e-01
1.545763649446648125e-01
