0.000000000000000000e+00
7.913887401293533408e-01
8.935530102005218023e-01
6.556100850422983406e-01
4.379514022979523191e-01
2.519355886243505593e-01
1.289803248895202148e-01
6.019125294928646258e-02
3.774870171455624313e-02
3.708559994817195449e-02
4.002396554989171712e-02
4.077210143114498586e-02
4.108280675909035951e-02
4.343616437170710193e-02
4.877910035459488702e-02
5.766491688115604058e-02
6.609254871290343170e-02
7.174882027440881993e-02
7.116438109215529606e-02
6.726131180600138093e-02
