0.000000000000000000e+00
8.130887659297815206e-01
7.666177360964520071e-01
3.804279733350773296e-01
1.535274503117383671e-01
5.669563381944765085e-02
3.288562837280678552e-02
2.571637948375189719e-02
2.012962739028091586e-02
1.927426120301465109e-02
2.451528527770709120e-02
2.942618932097162271e-02
2.911197111095176551e-02
2.568868365170117254e-02
2.311482180001623449e-02
2.246897747178776272e-02
2.390762288428675483e-02
2.591031216420677449e-02
2.722601884484737028e-02
3.212479850018612471e-02
