0.000000000000000000e+00
8.014336014995474544e-01
7.970470545637120541e-01
4.427131150746151378e-01
2.005831627740892464e-01
6.985508269725490549e-02
3.705815228031460878e-02
3.697623173188656354e-02
3.606962104375879830e-02
3.524005407067909434e-02
3.520576317228707453e-02
3.717155553185746281e-02
3.733766808945956223e-02
3.699146825251085208e-02
3.479444795997418960e-02
3.422690331510412631e-02
3.414834533519058718e-02
3.484442466084541890e-02
3.448396948705999970e-02
3.301133692308587386e-02
