0.000000000000000000e+00
7.545838010956446018e-01
8.549707386128048148e-01
6.352999980359750332e-01
4.355721289542910935e-01
2.635135025171271850e-01
1.459509768121664830e-01
6.987265857232401178e-02
3.697094730410950547e-02
3.406591207363948021e-02
3.646672504740653548e-02
3.919034291078817706e-02
4.122008036009801313e-02
4.274230263499088217e-02
4.494254592170743995e-02
4.872267845555993543e-02
5.276699720103752989e-02
5.630434131284272475e-02
5.743335913456640296e-02
5.670624405524331280e-02
