0.000000000000000000e+00
8.016439517272632154e-01
7.955810123009031676e-01
4.397665393648492183e-01
1.978217073522256231e-01
6.852104675079803697e-02
3.677109440135876983e-02
3.686163439459373692e-02
3.595577391180375393e-02
3.512469356020959249e-02
3.507929028818284473e-02
3.702584073324607233e-02
3.716177858302716769e-02
3.679713281019095922e-02
3.458166915343954817e-02
3.401970729223327550e-02
3.396083416418081702e-02
3.467106691894386583e-02
3.430671623470092635e-02
3.282472387733355312e-02
