0.000000000000000000e+00
7.848040299673703091e-01
8.820534893462224080e-01
6.408791680835396187e-01
4.232290373218130508e-01
2.377118235946988345e-01
1.122248561182038334e-01
4.087814474658823388e-02
2.544788084288467436e-02
3.815249280629915557e-02
4.427409665858736409e-02
4.086166004587429845e-02
3.425222258646686002e-02
2.846434810794578468e-02
2.783773285614327825e-02
3.225991636775786542e-02
3.945850232088060627e-02
4.827536166999353562e-02
5.496066884948558329e-02
6.172302505297348058e-02
