0.000000000000000000e+00
7.928473288206515646e-01
8.578495962249400586e-01
5.756255553912904555e-01
3.418396286858976230e-01
1.689915025039606944e-01
7.713205008408212382e-02
4.359158067393344160e-02
4.017096294052190097e-02
4.101028486077742952e-02
4.284109671826781540e-02
4.563031737161705320e-02
4.737796647190734706e-02
4.781512372131509897e-02
4.688389177998723845e-02
4.590259108078516281e-02
4.494697615166150934e-02
4.506459996604877255e-02
4.467287493980459656e-02
4.390477266971252318e-02
