0.000000000000000000e+00
1.009389367285224548e+00
5.423150346239483666e-01
7.712149127909787016e-02
2.680067199011801002e-02
3.013387516429023166e-02
3.337899666505065449e-02
2.446240757186583098e-02
2.854460521809757539e-02
3.257715862002752427e-02
4.462351206473662985e-02
4.039839167576265294e-02
3.705127723762149938e-02
3.161770511622494229e-02
2.490567577795625362e-02
2.470842565924014772e-02
2.619997068427411605e-02
3.020544580540847693e-02
3.206687098113957662e-02
3.332826584846836776e-02
