0.000000000000000000e+00
7.710243406200997240e-01
8.705805662073202722e-01
6.389907495706924623e-01
4.279205067395969730e-01
2.469966375703628314e-01
1.251191870165290765e-01
4.976968315837464879e-02
1.869431194081038264e-02
2.214596599259981147e-02
2.742498767261231790e-02
2.787365339485631255e-02
2.742330138881306223e-02
2.885038892010971523e-02
3.322627486321885759e-02
4.006655921777203810e-02
4.734792647806621013e-02
5.356415335077066575e-02
5.727864848864273883e-02
5.979631068715877268e-02
