0.000000000000000000e+00
8.170820763476620563e-01
7.086388692594917105e-01
2.835899444782902790e-01
7.869129016358446249e-02
2.633101342498245581e-02
2.869598629300328801e-02
3.086896644322686609e-02
2.983964436489507793e-02
2.990507705471316321e-02
3.118728213995926313e-02
3.083524481652422447e-02
2.928684583619437648e-02
2.845177222932057312e-02
2.724014776109582800e-02
2.669434511674021251e-02
2.637879767243412818e-02
2.720861477322440020e-02
2.702959318815883333e-02
2.567952739879309984e-02
