0.000000000000000000e+00
8.038356668541583039e-01
8.009789155380586667e-01
4.417206224917542556e-01
1.908463414273691705e-01
5.410964285777995070e-02
2.032081655489517691e-02
2.272411145947465794e-02
2.625711450811184233e-02
2.958438788124033783e-02
3.270715291190218199e-02
3.450485707731128227e-02
3.372744214575483512e-02
3.100670271415106177e-02
3.145248099432518957e-02
3.921158415670755043e-02
4.778127734874909605e-02
5.144290025012809853e-02
4.781055251915556498e-02
4.410551504362018177e-02
