0.000000000000000000e+00
2.297367580284436495e-01
2.833956459515751813e-01
2.318708748627241467e-01
2.072911926576594122e-01
1.741154512188205772e-01
1.894910147934225630e-01
2.313969010047650376e-01
2.017057335726255007e-01
2.157904822871149209e-01
2.307670693739731216e-01
2.571110338579880028e-01
2.622588387150524003e-01
2.209312140487300347e-01
2.674706207733663632e-01
2.853878456763392357e-01
2.357100939194241296e-01
2.614154417750869097e-01
2.219300250313810952e-01
2.100005643019673962e-01
