0.000000000000000000e+00
7.937571241747972683e-01
8.514448139247575709e-01
5.605676386203709560e-01
3.241937562531763684e-01
1.543929767787052543e-01
6.968211190524373211e-02
4.234711537069988513e-02
3.981694339652598613e-02
4.038001927417207010e-02
4.178379815117387597e-02
4.435792336571064975e-02
4.593175332885537920e-02
4.625665453321910897e-02
4.522359329132433908e-02
4.421754444541838025e-02
4.338329286596407514e-02
4.360223583214403731e-02
4.317994397741869994e-02
4.235550818061588341e-02
