0.000000000000000000e+00
8.087507758847704009e-01
7.872446155204159135e-01
4.189470195056271828e-01
1.835764469946625788e-01
6.995987633434218311e-02
3.571595197876656358e-02
2.715069094040813147e-02
2.161356661271920943e-02
2.008173780709732528e-02
2.422019096890576373e-02
2.915656016159308417e-02
2.943985656418634383e-02
2.662623348809138937e-02
2.423618068207251605e-02
2.370961225827441371e-02
2.501136376992666235e-02
2.664908043172655588e-02
2.817607640266458699e-02
3.339871479452483777e-02
