0.000000000000000000e+00
8.462591963406388418e-01
6.225940026705440999e-01
1.624809045940414642e-01
3.342650155950400992e-02
2.834470257145006375e-02
2.507768145793907999e-02
2.200518772328757811e-02
2.359774560621052258e-02
2.576274471775140407e-02
2.942949427780449517e-02
3.192672998566221942e-02
3.363217273386080036e-02
3.113522871404354742e-02
2.667692145907077719e-02
3.110546898032404486e-02
4.004825201389838885e-02
4.024575727132713443e-02
3.220985955170341253e-02
2.892079396861294352e-02
