0.000000000000000000e+00
7.751805231862822776e-01
9.089793578984117772e-01
7.205550138303126184e-01
5.341792561035100251e-01
3.539081197530822842e-01
2.115103581012854617e-01
1.052723039736696009e-01
3.967149951191310114e-02
2.415007876198867545e-02
3.493753398657328813e-02
4.431507784697480412e-02
4.620828411502725386e-02
4.520560804184666631e-02
4.588018223588403305e-02
5.069393877536588350e-02
5.792776254867502972e-02
6.630570463969741313e-02
7.273011565049157523e-02
7.848717006005628827e-02
