0.000000000000000000e+00
7.650882509583710744e-01
9.012674325783747165e-01
7.236300991034507746e-01
5.478087813952078333e-01
3.767243154055472942e-01
2.403571654379571820e-01
1.368880574897634594e-01
6.659642488675002192e-02
2.793563022317225447e-02
2.359649352498784103e-02
2.970565065524181231e-02
3.582328705903491811e-02
4.266336423169630326e-02
4.978070966894626581e-02
5.740527924903549017e-02
6.476859320320148272e-02
7.139692126310823173e-02
7.558091208097261759e-02
7.830185596659122726e-02
