0.000000000000000000e+00
7.887781981163625167e-01
9.074246749966193848e-01
6.938704620223506980e-01
4.915730503116719219e-01
3.085076025995301396e-01
1.772063526715825510e-01
9.001356295151524689e-02
5.074208809084930494e-02
4.056553822607041754e-02
4.158716207542443449e-02
4.229223297758451239e-02
4.365949260165285367e-02
4.742937663444016932e-02
5.381360052590370563e-02
6.315876377737873748e-02
7.169793073731008104e-02
7.741209832384095268e-02
7.720091701507675319e-02
7.376628185608080646e-02
