0.000000000000000000e+00
7.535294602524639229e-01
7.771410768386496359e-01
4.733694290741666255e-01
2.506621258378571859e-01
1.068494352654218438e-01
3.750424992779469169e-02
1.876210331508349621e-02
2.184857513345996038e-02
2.591089591997771183e-02
2.827877845967535428e-02
2.829627683760887330e-02
2.653357686294951015e-02
2.505320792089438600e-02
2.413705563077184202e-02
2.570643908580731371e-02
2.758288655165091335e-02
3.030695033938878707e-02
3.253410143615097228e-02
3.513987765530163926e-02
