0.000000000000000000e+00
7.813422932671446608e-01
6.990979942993705842e-01
3.038948434052352043e-01
9.242665189644175272e-02
2.388491994344732819e-02
2.002740848126291842e-02
2.019357125867377728e-02
2.070513489324948136e-02
2.123938681740873344e-02
2.141912634180719033e-02
2.231597595334387091e-02
2.246551660666583350e-02
2.177521123119030913e-02
2.316484597431744952e-02
2.695307937910776039e-02
2.958977649011290331e-02
3.002993515177864586e-02
2.769669271113258877e-02
2.639359600551148544e-02
