0.000000000000000000e+00
7.664194072506473887e-01
8.940012193746346147e-01
7.030214594927626237e-01
5.172672030867911941e-01
3.415693388165301214e-01
2.068356893029845156e-01
1.090807626524552820e-01
4.773041715488281211e-02
2.164824314534113253e-02
2.448403240016632301e-02
2.961485255037556510e-02
3.359062792394482133e-02
3.837868440845661200e-02
4.454659358369922328e-02
5.185979562028630169e-02
5.923086303464519115e-02
6.589458090909917909e-02
7.010496525142999313e-02
7.281163418403543974e-02
