0.000000000000000000e+00
7.833192734996867745e-01
8.864370895257176475e-01
6.531623431917044087e-01
4.393058108884799751e-01
2.531339532775314649e-01
1.237326245555601251e-01
4.633882680159134154e-02
2.439130452847618202e-02
3.641543503853387348e-02
4.395864688917310026e-02
4.176137512301167365e-02
3.593124619055607094e-02
3.041359599703331515e-02
2.979868177517970562e-02
3.429252174673812215e-02
4.153742567213120768e-02
5.037501978003579295e-02
5.706558047754237140e-02
6.359505010815263981e-02
