0.000000000000000000e+00
7.919866631524423717e-01
7.466534362679370096e-01
3.687325736045942159e-01
1.426686914840212261e-01
3.708675047593554264e-02
9.850717627686050859e-03
1.082702723343104655e-02
1.770258784702048727e-02
2.253510767567364417e-02
2.294923100316645023e-02
2.108928072253886052e-02
1.991263406250858015e-02
1.866310116443602521e-02
1.859693707548139285e-02
2.151892455385712513e-02
2.641288959118581400e-02
2.935911813814832266e-02
3.047044501459376942e-02
3.293818112166899126e-02
