0.000000000000000000e+00
8.551076588802762890e-01
6.045416693074491254e-01
1.420327793672614414e-01
2.903103328648787632e-02
2.242597613576623183e-02
2.402025260816488886e-02
2.807305049405203409e-02
2.815974561590105230e-02
2.726476449550891204e-02
3.051537446228932970e-02
2.756788118559973244e-02
2.354052669259878300e-02
2.467708834481464539e-02
2.568374390634917820e-02
2.363801180381866832e-02
2.310418289795877073e-02
2.433612725150499992e-02
2.417676116273182602e-02
2.303739100869949680e-02
