0.000000000000000000e+00
7.446331744485974458e-01
8.249258657083826662e-01
5.835529576621826253e-01
3.747265450309731349e-01
2.063675555802610972e-01
9.937648922055140888e-02
3.735865594290574410e-02
2.235179710292905034e-02
2.729279978603487214e-02
3.232437744384303313e-02
3.532966762543575390e-02
3.557580151218088516e-02
3.492635507680678930e-02
3.376720371749722394e-02
3.482797526859730125e-02
3.702194577687151905e-02
4.118833459295942467e-02
4.406039159223584800e-02
4.712413934340756866e-02
