0.000000000000000000e+00
8.561172548086365408e-01
6.038218749964354704e-01
1.415568037249801681e-01
2.956345485055819275e-02
2.935204942555673033e-02
2.556291346670930970e-02
2.217481382782299920e-02
2.423806040253409164e-02
2.645744505671055943e-02
2.955635394430785115e-02
3.188214633326133529e-02
3.403920353810165750e-02
3.164963081768558395e-02
2.694904096528819362e-02
3.094744318999875787e-02
3.970204661592040968e-02
3.973716300952555291e-02
3.161553498590626704e-02
2.843888922379650061e-02
