0.000000000000000000e+00
7.717162120583651586e-01
8.668650863743192492e-01
6.292960564238422316e-01
4.151473969854174162e-01
2.345361053703865217e-01
1.153884375734017670e-01
4.385427650117867254e-02
1.758110192818552672e-02
2.275037714338688441e-02
2.755317312841909505e-02
2.748594945516616775e-02
2.664599961473393744e-02
2.782357673541816998e-02
3.199975854106977546e-02
3.877682459132183318e-02
4.598423796465681002e-02
5.210649606919019738e-02
5.573008422670523015e-02
5.822099804023988384e-02
