0.000000000000000000e+00
7.643287701630904207e-01
9.059063906937180333e-01
7.368378383778264595e-01
5.677872597453189618e-01
4.004269849092063072e-01
2.637965483327237570e-01
1.571687250304352190e-01
8.163159031234380747e-02
3.489625658217860443e-02
2.388060515451980240e-02
2.987297143259794174e-02
3.719538686090450436e-02
4.571870456422592183e-02
5.363075677895613042e-02
6.148585431921946287e-02
6.888034862639498546e-02
7.550187627277661628e-02
7.961492278354433128e-02
8.232994192843269554e-02
