0.000000000000000000e+00
7.961836228526687487e-01
8.597500711331709233e-01
5.708358810332625488e-01
3.296992715590882361e-01
1.512030621710992451e-01
5.820338453161259806e-02
2.799753948419487354e-02
2.984158261490441055e-02
3.489541619414473356e-02
3.708223950920683243e-02
3.749482887636760436e-02
3.669074454879568681e-02
3.671756089914785665e-02
4.030388570909822221e-02
4.850547801503652529e-02
5.701533253571807597e-02
6.215933856957143316e-02
6.048129339920959441e-02
5.635695778580540605e-02
