0.000000000000000000e+00
7.431238648520459567e-01
8.400525674271291932e-01
6.196036025270619252e-01
4.200714059228600750e-01
2.490332559818315139e-01
1.320262333601320004e-01
5.590417691017252749e-02
2.596930036613656276e-02
2.690466932243311751e-02
3.340639432449935692e-02
3.815720704180826373e-02
3.958214763551948234e-02
3.964176743659402619e-02
3.877722848824403240e-02
3.955373879576628421e-02
4.176516932154843154e-02
4.630489114637803549e-02
4.931967130586751430e-02
5.251035927682130150e-02
