0.000000000000000000e+00 0.000000000000000000e+00
1.000000000000000021e-02 3.962736239446363329e-01
2.000000000000000042e-02 3.938935999354246098e-01
2.999999999999999889e-02 3.915056258527415678e-01
4.000000000000000083e-02 3.891163715563183967e-01
5.000000000000000278e-02 3.867287028474616362e-01
5.999999999999999778e-02 3.843441386944079774e-01
7.000000000000000666e-02 3.819636029946503197e-01
8.000000000000000167e-02 3.795877152008681477e-01
8.999999999999999667e-02 3.772169221645815251e-01
1.000000000000000056e-01 3.748515652115699259e-01
1.100000000000000006e-01 3.724919172851539617e-01
1.199999999999999956e-01 3.701382048948398396e-01
1.300000000000000044e-01 3.677906217722149984e-01
1.400000000000000133e-01 3.654493377323229097e-01
1.499999999999999944e-01 3.631145046292234557e-01
1.600000000000000033e-01 3.607862604796183703e-01
1.700000000000000122e-01 3.584647323920502338e-01
1.799999999999999933e-01 3.561500386943347030e-01
1.900000000000000022e-01 3.538422905090219950e-01
2.000000000000000111e-01 3.515415929401639050e-01
2.099999999999999922e-01 3.492480459809760851e-01
2.200000000000000011e-01 3.469617452173437422e-01
2.300000000000000100e-01 3.446827823798880308e-01
2.399999999999999911e-01 3.424112457816504418e-01
2.500000000000000000e-01 3.401472206687660704e-01
2.600000000000000089e-01 3.378907895037698839e-01
2.700000000000000178e-01 3.356420321963655140e-01
2.800000000000000266e-01 3.334010262929127943e-01
2.899999999999999800e-01 3.311678471329692064e-01
2.999999999999999889e-01 3.289425679795290325e-01
3.099999999999999978e-01 3.267252601280817292e-01
3.200000000000000067e-01 3.245159929983828517e-01
3.300000000000000155e-01 3.223148342121590071e-01
3.400000000000000244e-01 3.201218496592780349e-01
3.499999999999999778e-01 3.179371035544036328e-01
3.599999999999999867e-01 3.157606584856875731e-01
3.699999999999999956e-01 3.135925754569849344e-01
3.800000000000000044e-01 3.114329139245480826e-01
3.900000000000000133e-01 3.092817318290858597e-01
4.000000000000000222e-01 3.071390856240934220e-01
4.099999999999999756e-01 3.050050303008203789e-01
4.199999999999999845e-01 3.028796194105894402e-01
4.299999999999999933e-01 3.007629050848230623e-01
4.400000000000000022e-01 2.986549380530507669e-01
4.500000000000000111e-01 2.965557676593842396e-01
4.600000000000000200e-01 2.944654418775081717e-01
4.699999999999999734e-01 2.923840073246032900e-01
4.799999999999999822e-01 2.903115092742091230e-01
4.899999999999999911e-01 2.882479916683065024e-01
5.000000000000000000e-01 2.861934971286909102e-01
5.100000000000000089e-01 2.841480669677953208e-01
5.200000000000000178e-01 2.821117411990090029e-01
5.300000000000000266e-01 2.800845585466096299e-01
5.400000000000000355e-01 2.780665564554070102e-01
5.500000000000000444e-01 2.760577711000962164e-01
5.600000000000000533e-01 2.740582373944512873e-01
5.699999999999999512e-01 2.720679890002817847e-01
5.799999999999999600e-01 2.700870583364168853e-01
5.899999999999999689e-01 2.681154765874707024e-01
5.999999999999999778e-01 2.661532737126193204e-01
6.099999999999999867e-01 2.642004784543851015e-01
6.199999999999999956e-01 2.622571183473604850e-01
6.300000000000000044e-01 2.603232197269998993e-01
6.400000000000000133e-01 2.583988077384174464e-01
6.500000000000000222e-01 2.564839063452492574e-01
6.600000000000000311e-01 2.545785383385464895e-01
6.700000000000000400e-01 2.526827253457886724e-01
6.800000000000000488e-01 2.507964878399507880e-01
6.899999999999999467e-01 2.489198451486309416e-01
6.999999999999999556e-01 2.470528154633222229e-01
7.099999999999999645e-01 2.451954158487067714e-01
7.199999999999999734e-01 2.433476622521502097e-01
7.299999999999999822e-01 2.415095695131857234e-01
7.399999999999999911e-01 2.396811513731986198e-01
7.500000000000000000e-01 2.378624204851061130e-01
7.600000000000000089e-01 2.360533884232801083e-01
7.700000000000000178e-01 2.342540656934394561e-01
7.800000000000000266e-01 2.324644617427337467e-01
7.900000000000000355e-01 2.306845849698811457e-01
8.000000000000000444e-01 2.289144427354313782e-01
8.100000000000000533e-01 2.271540413721191420e-01
8.199999999999999512e-01 2.254033861953130269e-01
8.299999999999999600e-01 2.236624815135433986e-01
8.399999999999999689e-01 2.219313306391626217e-01
8.499999999999999778e-01 2.202099358990476929e-01
8.599999999999999867e-01 2.184982986453938847e-01
8.699999999999999956e-01 2.167964192666465839e-01
8.800000000000000044e-01 2.151042971984238328e-01
8.900000000000000133e-01 2.134219309345622706e-01
9.000000000000000222e-01 2.117493180382573059e-01
9.100000000000000311e-01 2.100864551532144187e-01
9.200000000000000400e-01 2.084333380148983006e-01
9.300000000000000488e-01 2.067899614618511350e-01
9.399999999999999467e-01 2.051563194470196194e-01
9.499999999999999556e-01 2.035324050491950088e-01
9.599999999999999645e-01 2.019182104844639558e-01
9.699999999999999734e-01 2.003137271176960998e-01
9.799999999999999822e-01 1.987189454741100370e-01
9.899999999999999911e-01 1.971338552508423991e-01
1.000000000000000000e+00 1.955584453285414415e-01
1.010000000000000009e+00 1.939927037830516954e-01
1.020000000000000018e+00 1.924366178970311758e-01
1.030000000000000027e+00 1.908901741716672318e-01
1.040000000000000036e+00 1.893533583383639196e-01
1.050000000000000044e+00 1.878261553704574927e-01
1.060000000000000053e+00 1.863085494949476284e-01
1.070000000000000062e+00 1.848005242042231322e-01
1.080000000000000071e+00 1.833020622677840050e-01
1.090000000000000080e+00 1.818131457439895182e-01
1.100000000000000089e+00 1.803337559917516097e-01
1.110000000000000098e+00 1.788638736822839026e-01
1.120000000000000107e+00 1.774034788107701488e-01
1.129999999999999893e+00 1.759525507080663131e-01
1.139999999999999902e+00 1.745110680523574431e-01
1.149999999999999911e+00 1.730790088808128735e-01
1.159999999999999920e+00 1.716563506011790918e-01
1.169999999999999929e+00 1.702430700033927269e-01
1.179999999999999938e+00 1.688391432711024431e-01
1.189999999999999947e+00 1.674445459932182023e-01
1.199999999999999956e+00 1.660592531753665446e-01
1.209999999999999964e+00 1.646832392513483678e-01
1.219999999999999973e+00 1.633164780945042804e-01
1.229999999999999982e+00 1.619589430290952758e-01
1.239999999999999991e+00 1.606106068415639465e-01
1.250000000000000000e+00 1.592714417917959480e-01
1.260000000000000009e+00 1.579414196243152380e-01
1.270000000000000018e+00 1.566205115793892211e-01
1.280000000000000027e+00 1.553086884041225413e-01
1.290000000000000036e+00 1.540059203634453477e-01
1.300000000000000044e+00 1.527121772510662001e-01
1.310000000000000053e+00 1.514274284003489790e-01
1.320000000000000062e+00 1.501516426951004235e-01
1.330000000000000071e+00 1.488847885803327720e-01
1.340000000000000080e+00 1.476268340728920658e-01
1.350000000000000089e+00 1.463777467720738246e-01
1.360000000000000098e+00 1.451374938701048833e-01
1.370000000000000107e+00 1.439060421625907027e-01
1.379999999999999893e+00 1.426833580588582895e-01
1.389999999999999902e+00 1.414694075922056093e-01
1.399999999999999911e+00 1.402641564301189692e-01
1.409999999999999920e+00 1.390675698843300279e-01
1.419999999999999929e+00 1.378796129208461063e-01
1.429999999999999938e+00 1.367002501698687811e-01
1.439999999999999947e+00 1.355294459356132797e-01
1.449999999999999956e+00 1.343671642060609017e-01
1.459999999999999964e+00 1.332133686626033597e-01
1.469999999999999973e+00 1.320680226895808440e-01
1.479999999999999982e+00 1.309310893837615786e-01
1.489999999999999991e+00 1.298025315636935906e-01
1.500000000000000000e+00 1.286823117789733517e-01
1.510000000000000009e+00 1.275703923194135558e-01
1.520000000000000018e+00 1.264667352241150844e-01
1.530000000000000027e+00 1.253713022904362762e-01
1.540000000000000036e+00 1.242840550828724910e-01
1.550000000000000044e+00 1.232049549418158807e-01
1.560000000000000053e+00 1.221339629922320452e-01
1.570000000000000062e+00 1.210710401522238772e-01
1.580000000000000071e+00 1.200161471415092385e-01
1.590000000000000080e+00 1.189692444897672702e-01
1.600000000000000089e+00 1.179302925449057377e-01
1.610000000000000098e+00 1.168992514812246669e-01
1.620000000000000107e+00 1.158760813074600493e-01
1.629999999999999893e+00 1.148607418747251141e-01
1.639999999999999902e+00 1.138531928843834196e-01
1.649999999999999911e+00 1.128533938957509419e-01
1.659999999999999920e+00 1.118613043337624707e-01
1.669999999999999929e+00 1.108768834964765082e-01
1.679999999999999938e+00 1.099000905625243524e-01
1.689999999999999947e+00 1.089308845984099244e-01
1.699999999999999956e+00 1.079692245657407207e-01
1.709999999999999964e+00 1.070150693283293819e-01
1.719999999999999973e+00 1.060683776592044325e-01
1.729999999999999982e+00 1.051291082475105249e-01
1.739999999999999991e+00 1.041972197053074589e-01
1.750000000000000000e+00 1.032726705742606221e-01
1.760000000000000009e+00 1.023554193322331052e-01
1.770000000000000018e+00 1.014454243997726657e-01
1.780000000000000027e+00 1.005426441464932902e-01
1.790000000000000036e+00 9.964703689735211756e-02
1.800000000000000044e+00 9.875856093882980080e-02
1.810000000000000053e+00 9.787717452500437065e-02
1.820000000000000062e+00 9.700283588352881514e-02
1.830000000000000071e+00 9.613550322149592986e-02
1.840000000000000080e+00 9.527513473121053400e-02
1.850000000000000089e+00 9.442168859586821950e-02
1.860000000000000098e+00 9.357512299512302234e-02
1.870000000000000107e+00 9.273539611055037213e-02
1.879999999999999893e+00 9.190246613103604523e-02
1.889999999999999902e+00 9.107629125803366754e-02
1.899999999999999911e+00 9.025682971076387506e-02
1.909999999999999920e+00 8.944403973127769414e-02
1.919999999999999929e+00 8.863787958944854828e-02
1.929999999999999938e+00 8.783830758786355386e-02
1.939999999999999947e+00 8.704528206661740763e-02
1.949999999999999956e+00 8.625876140800851910e-02
1.959999999999999964e+00 8.547870404115606724e-02
1.969999999999999973e+00 8.470506844650922684e-02
1.979999999999999982e+00 8.393781316026678596e-02
1.989999999999999991e+00 8.317689677871943632e-02
2.000000000000000000e+00 8.242227796248811911e-02
2.009999999999999787e+00 8.167391544066597564e-02
2.020000000000000018e+00 8.093176801490264971e-02
2.029999999999999805e+00 8.019579456336452250e-02
2.040000000000000036e+00 7.946595404463072110e-02
2.049999999999999822e+00 7.874220550149493847e-02
2.060000000000000053e+00 7.802450806468534672e-02
2.069999999999999840e+00 7.731282095649487374e-02
2.080000000000000071e+00 7.660710349433449973e-02
2.089999999999999858e+00 7.590731509419723633e-02
2.100000000000000089e+00 7.521341527404812322e-02
2.109999999999999876e+00 7.452536365712671140e-02
2.120000000000000107e+00 7.384311997516962434e-02
2.129999999999999893e+00 7.316664407156149574e-02
2.140000000000000124e+00 7.249589590439559084e-02
2.149999999999999911e+00 7.183083554947203297e-02
2.160000000000000142e+00 7.117142320320106463e-02
2.169999999999999929e+00 7.051761918545348951e-02
2.180000000000000160e+00 6.986938394231570482e-02
2.189999999999999947e+00 6.922667804878361586e-02
2.200000000000000178e+00 6.858946221137526833e-02
2.209999999999999964e+00 6.795769727068383392e-02
2.220000000000000195e+00 6.733134420384867536e-02
2.229999999999999982e+00 6.671036412695409423e-02
2.240000000000000213e+00 6.609471829737716131e-02
2.250000000000000000e+00 6.548436811604600727e-02
2.259999999999999787e+00 6.487927512964308807e-02
2.270000000000000018e+00 6.427940103273861727e-02
2.279999999999999805e+00 6.368470766986300546e-02
2.290000000000000036e+00 6.309515703750299964e-02
2.299999999999999822e+00 6.251071128605135974e-02
2.310000000000000053e+00 6.193133272168117875e-02
2.319999999999999840e+00 6.135698380815936270e-02
2.330000000000000071e+00 6.078762716861063620e-02
2.339999999999999858e+00 6.022322558720302754e-02
2.350000000000000089e+00 5.966374201079363560e-02
2.359999999999999876e+00 5.910913955050091373e-02
2.370000000000000107e+00 5.855938148322963749e-02
2.379999999999999893e+00 5.801443125313574672e-02
2.390000000000000124e+00 5.747425247303704354e-02
2.399999999999999911e+00 5.693880892576335534e-02
2.410000000000000142e+00 5.640806456546407915e-02
2.419999999999999929e+00 5.588198351885686338e-02
2.430000000000000160e+00 5.536053008641669132e-02
2.439999999999999947e+00 5.484366874353222010e-02
2.450000000000000178e+00 5.433136414159530497e-02
2.459999999999999964e+00 5.382358110904456733e-02
2.470000000000000195e+00 5.332028465236839793e-02
2.479999999999999982e+00 5.282143995705215062e-02
2.490000000000000213e+00 5.232701238848407738e-02
2.500000000000000000e+00 5.183696749280461424e-02
2.509999999999999787e+00 5.135127099772560794e-02
2.520000000000000018e+00 5.086988881329573831e-02
2.529999999999999805e+00 5.039278703261986653e-02
2.540000000000000036e+00 4.991993193254569416e-02
2.549999999999999822e+00 4.945128997429684703e-02
2.560000000000000053e+00 4.898682780407272869e-02
2.569999999999999840e+00 4.852651225360681692e-02
2.580000000000000071e+00 4.807031034067828917e-02
2.589999999999999858e+00 4.761818926959730108e-02
2.600000000000000089e+00 4.717011643164033957e-02
2.609999999999999876e+00 4.672605940544746067e-02
2.620000000000000107e+00 4.628598595740078536e-02
2.629999999999999893e+00 4.584986404193956699e-02
2.640000000000000124e+00 4.541766180186367768e-02
2.649999999999999911e+00 4.498934756859004902e-02
2.660000000000000142e+00 4.456488986237756161e-02
2.669999999999999929e+00 4.414425739251889858e-02
2.680000000000000160e+00 4.372741905750206215e-02
2.689999999999999947e+00 4.331434394513675179e-02
2.700000000000000178e+00 4.290500133265085642e-02
2.709999999999999964e+00 4.249936068675796985e-02
2.720000000000000195e+00 4.209739166369180774e-02
2.729999999999999982e+00 4.169906410921547096e-02
2.740000000000000213e+00 4.130434805859653502e-02
2.750000000000000000e+00 4.091321373656095495e-02
2.759999999999999787e+00 4.052563155721283783e-02
2.770000000000000018e+00 4.014157212393480723e-02
2.779999999999999805e+00 3.976100622925506783e-02
2.790000000000000036e+00 3.938390485469178692e-02
2.799999999999999822e+00 3.901023917057720725e-02
2.810000000000000053e+00 3.863998053584784959e-02
2.819999999999999840e+00 3.827310049782024770e-02
2.830000000000000071e+00 3.790957079193556928e-02
2.839999999999999858e+00 3.754936334149019950e-02
2.850000000000000089e+00 3.719245025733534243e-02
2.859999999999999876e+00 3.683880383756236998e-02
2.870000000000000107e+00 3.648839656716299645e-02
2.879999999999999893e+00 3.614120111766729038e-02
2.890000000000000124e+00 3.579719034677040362e-02
2.899999999999999911e+00 3.545633729792745104e-02
2.910000000000000142e+00 3.511861519994170788e-02
2.919999999999999929e+00 3.478399746652266478e-02
2.930000000000000160e+00 3.445245769583936413e-02
2.939999999999999947e+00 3.412396967003958337e-02
2.950000000000000178e+00 3.379850735477092638e-02
2.959999999999999964e+00 3.347604489866840005e-02
2.970000000000000195e+00 3.315655663284024224e-02
2.979999999999999982e+00 3.284001707032122713e-02
2.990000000000000213e+00 3.252640090553214625e-02
3.000000000000000000e+00 3.221568301370594106e-02
3.009999999999999787e+00 3.190783845030847887e-02
3.020000000000000018e+00 3.160284245044391038e-02
3.029999999999999805e+00 3.130067042824666995e-02
3.040000000000000036e+00 3.100129797626079500e-02
3.049999999999999822e+00 3.070470086480292862e-02
3.060000000000000053e+00 3.041085504132061759e-02
3.069999999999999840e+00 3.011973662973060559e-02
3.080000000000000071e+00 2.983132192974915012e-02
3.089999999999999858e+00 2.954558741621509874e-02
3.100000000000000089e+00 2.926250973839435859e-02
3.109999999999999876e+00 2.898206571927938735e-02
3.120000000000000107e+00 2.870423235487746041e-02
3.129999999999999893e+00 2.842898681349121520e-02
3.140000000000000124e+00 2.815630643498385002e-02
3.149999999999999911e+00 2.788616873004151966e-02
3.160000000000000142e+00 2.761855137942476057e-02
3.169999999999999929e+00 2.735343223321247755e-02
3.180000000000000160e+00 2.709078931003505025e-02
3.189999999999999947e+00 2.683060079630303005e-02
3.200000000000000178e+00 2.657284504542732628e-02
3.209999999999999964e+00 2.631750057703246756e-02
3.220000000000000195e+00 2.606454607616215044e-02
3.229999999999999982e+00 2.581396039247739471e-02
3.240000000000000213e+00 2.556572253945449402e-02
3.250000000000000000e+00 2.531981169356838784e-02
3.259999999999999787e+00 2.507620719347512100e-02
3.270000000000000018e+00 2.483488853919117376e-02
3.279999999999999805e+00 2.459583539126075288e-02
3.290000000000000036e+00 2.435902756992534487e-02
3.299999999999999822e+00 2.412444505428433181e-02
3.310000000000000053e+00 2.389206798145266514e-02
3.319999999999999840e+00 2.366187664571344981e-02
3.330000000000000071e+00 2.343385149766960898e-02
3.339999999999999858e+00 2.320797314338615691e-02
3.350000000000000089e+00 2.298422234353499072e-02
3.359999999999999876e+00 2.276258001253513713e-02
3.370000000000000107e+00 2.254302721768490503e-02
3.379999999999999893e+00 2.232554517829862459e-02
3.390000000000000124e+00 2.211011526483554201e-02
3.399999999999999911e+00 2.189671899803052879e-02
3.410000000000000142e+00 2.168533804801668977e-02
3.419999999999999929e+00 2.147595423345206520e-02
3.430000000000000160e+00 2.126854952064274884e-02
3.439999999999999947e+00 2.106310602266081577e-02
3.450000000000000178e+00 2.085960599846687150e-02
3.459999999999999964e+00 2.065803185202520417e-02
3.470000000000000195e+00 2.045836613142441862e-02
3.479999999999999982e+00 2.026059152799083649e-02
3.490000000000000213e+00 2.006469087540374216e-02
3.500000000000000000e+00 1.987064714881298100e-02
3.509999999999999787e+00 1.967844346395165867e-02
3.520000000000000018e+00 1.948806307625051623e-02
3.529999999999999805e+00 1.929948937995150729e-02
3.540000000000000036e+00 1.911270590722364410e-02
3.549999999999999822e+00 1.892769632727576284e-02
3.560000000000000053e+00 1.874444444547286592e-02
3.569999999999999840e+00 1.856293420244865128e-02
3.580000000000000071e+00 1.838314967322492166e-02
3.589999999999999858e+00 1.820507506632467257e-02
3.600000000000000089e+00 1.802869472289191435e-02
3.609999999999999876e+00 1.785399311580867718e-02
3.620000000000000107e+00 1.768095484881403515e-02
3.629999999999999893e+00 1.750956465562726258e-02
3.640000000000000124e+00 1.733980739906597693e-02
3.649999999999999911e+00 1.717166807017294836e-02
3.660000000000000142e+00 1.700513178733921438e-02
3.669999999999999929e+00 1.684018379543159027e-02
3.680000000000000160e+00 1.667680946492034952e-02
3.689999999999999947e+00 1.651499429100987404e-02
3.700000000000000178e+00 1.635472389277113289e-02
3.709999999999999964e+00 1.619598401227463971e-02
3.720000000000000195e+00 1.603876051372847555e-02
3.729999999999999982e+00 1.588303938261597173e-02
3.740000000000000213e+00 1.572880672483567208e-02
3.750000000000000000e+00 1.557604876584763910e-02
3.759999999999999787e+00 1.542475184981515098e-02
3.770000000000000018e+00 1.527490243875591173e-02
3.779999999999999805e+00 1.512648711169259190e-02
3.790000000000000036e+00 1.497949256380557218e-02
3.799999999999999822e+00 1.483390560558995111e-02
3.810000000000000053e+00 1.468971316201447309e-02
3.819999999999999840e+00 1.454690227168408193e-02
3.830000000000000071e+00 1.440546008600511983e-02
3.839999999999999858e+00 1.426537386835278684e-02
3.850000000000000089e+00 1.412663099324293521e-02
3.859999999999999876e+00 1.398921894550681465e-02
3.870000000000000107e+00 1.385312531946840571e-02
3.879999999999999893e+00 1.371833781812490868e-02
3.890000000000000124e+00 1.358484425233166641e-02
3.899999999999999911e+00 1.345263253998905777e-02
3.910000000000000142e+00 1.332169070523463519e-02
3.919999999999999929e+00 1.319200687763619033e-02
3.930000000000000160e+00 1.306356929139095187e-02
3.939999999999999947e+00 1.293636628452613305e-02
3.950000000000000178e+00 1.281038629810532341e-02
3.959999999999999964e+00 1.268561787543575833e-02
3.970000000000000195e+00 1.256204966128212155e-02
3.979999999999999982e+00 1.243967040108187247e-02
3.990000000000000213e+00 1.231846894016550183e-02
4.000000000000000000e+00 1.219843422297998102e-02
4.009999999999999787e+00 1.207955529231703740e-02
